1 1.56195e-61
1 7.13468e-44
1 2.52861e-47
1 1.52048e-47
1 7.34932e-55
1 1.88658e-54
1 4.54282e-47
1 2.30592e-53
1 2.35935e-44
1 7.63976e-50
1 3.56843e-51
1 4.15811e-49
1 4.37842e-48
1 3.31623e-50
1 4.50922e-43
1 3.50613e-50
1 1.506e-42
1 6.84597e-49
1 6.51349e-56
1 1.0341e-47
1 1.9131e-45
1 3.07598e-60
1 1.01524e-46
1 3.10565e-50
1 3.01646e-50
1 1.40497e-49
1 1.41815e-42
1 1.27328e-54
1 4.32613e-49
1 1.60347e-52
1 4.55863e-46
1 6.22241e-55
1 1.5366e-54
1 4.08004e-48
1 2.92016e-59
1 1.29754e-54
1 7.26755e-52
1 1.50548e-47
1 2.00406e-53
1 3.11906e-45
1 2.11765e-46
1 2.70469e-47
1 1.71421e-54
1 1.40915e-48
1 7.7132e-53
1 1.20993e-43
1 1.18204e-50
1 3.21593e-51
1 2.26055e-47
1 7.05918e-51
2 7.76287e-87
2 3.44204e-91
2 1.47483e-92
2 3.71968e-91
2 4.2582e-87
2 5.08951e-91
2 8.81099e-88
2 7.5821e-90
2 1.80084e-88
2 1.08546e-98
2 4.76003e-91
2 1.76259e-89
2 1.01691e-94
2 4.75726e-92
2 1.09228e-91
2 1.57722e-92
2 2.56763e-90
2 4.14269e-95
2 7.78473e-88
2 4.12227e-87
2 8.09059e-98
2 7.39938e-100
2 1.0721e-96
2 1.82113e-91
2 2.60679e-91
2 1.03992e-86
2 3.80041e-94
2 1.32691e-86
2 2.27324e-100
2 7.41779e-95
2 2.91377e-91
2 1.01263e-89
2 5.23171e-96
2 1.76743e-97
2 1.07802e-94
2 4.45499e-88
2 4.79592e-93
2 1.4998e-90
2 3.01174e-98
2 4.60317e-93
2 1.88759e-97
2 1.03228e-94
2 2.09891e-92
2 3.10392e-88
2 1.95577e-91
2 5.8791e-86
2 3.84262e-91
2 1.4981e-93
2 7.9985e-100
2 1.97204e-89
3 1.8442e-99
3 1.30695e-96
3 1.93524e-95
3 1.37065e-94
3 3.87611e-98
3 1.31669e-93
3 2.48336e-98
3 2.63745e-98
3 6.50839e-99
3 2.82281e-96
3 3.35279e-96
3 6.17877e-94
3 8.7974e-96
3 5.37852e-92
3 1.55615e-97
3 2.97847e-101
3 1.77053e-99
3 7.91349e-96
3 1.59921e-101
3 2.45209e-100
3 4.38503e-98
3 2.16476e-100
3 5.72772e-98
3 3.28082e-103
3 3.0119e-95
3 2.89307e-99
3 9.29051e-96
3 1.36395e-101
3 1.35755e-94
3 1.32381e-99
3 4.52329e-101
3 3.65778e-99
3 1.70381e-93
3 3.20472e-102
3 1.15838e-92
3 5.37048e-94
3 5.75653e-92
3 3.72806e-103
3 6.3859e-97
3 4.57994e-92
3 2.56818e-97
3 3.63633e-98
3 1.1193e-101
3 9.16889e-101
3 8.57924e-96
3 1.13297e-95
3 9.57903e-100
3 4.69456e-102
3 1.52086e-99
3 2.34222e-96
4 3.06818e-96
4 1.85142e-89
4 5.76366e-100
4 3.95382e-97
4 3.3794e-96
4 6.33453e-92
4 4.28511e-100
4 2.83198e-101
4 1.65362e-101
4 7.31955e-97
4 2.03363e-98
4 1.05318e-90
4 2.62551e-102
4 1.34628e-102
4 1.44644e-98
4 7.68528e-101
4 4.85502e-97
4 2.07159e-101
4 2.00922e-98
4 8.24765e-98
4 1.53758e-99
4 8.22439e-102
4 1.18909e-102
4 5.72203e-92
4 3.19907e-98
4 1.42108e-96
4 5.23708e-102
4 4.22876e-88
4 2.27101e-99
4 8.81497e-94
4 1.10606e-98
4 1.51819e-99
4 3.21599e-100
4 6.21788e-105
4 1.84267e-98
4 1.9389e-99
4 1.46491e-103
4 1.82241e-96
4 3.07317e-101
4 7.08103e-99
4 3.52368e-96
4 2.96052e-95
4 1.04185e-101
4 1.81758e-99
4 1.1037e-96
4 3.22751e-102
4 4.72927e-106
4 8.85886e-99
4 2.32258e-102
4 1.87192e-101
5 8.99162e-97
5 1.90864e-99
5 6.19532e-99
5 1.31666e-96
5 2.13858e-101
5 1.03153e-101
5 1.53351e-98
5 3.10123e-97
5 1.55102e-95
5 9.93817e-102
5 3.51367e-92
5 1.58304e-99
5 1.11035e-97
5 1.9561e-93
5 2.11869e-98
5 1.29233e-95
5 1.09668e-102
5 6.74006e-101
5 4.09915e-101
5 1.07297e-99
5 4.70418e-103
5 4.77783e-102
5 7.55302e-100
5 1.26762e-96
5 5.29337e-98
5 8.03401e-101
5 9.06366e-99
5 1.84651e-93
5 5.52599e-96
5 1.73459e-96
5 1.43431e-99
5 1.32047e-97
5 5.67739e-94
5 7.62999e-93
5 7.37241e-96
5 8.94756e-98
5 1.19539e-97
5 5.17286e-86
5 2.70147e-102
5 1.02107e-102
5 5.55077e-93
5 2.73242e-97
5 5.66005e-100
5 4.55618e-103
5 3.57009e-102
5 1.46183e-95
5 1.35322e-96
5 1.28744e-99
5 2.46742e-98
5 8.15657e-100
6 1.90854e-98
6 4.96248e-102
6 9.62111e-97
6 5.07052e-104
6 6.53748e-100
6 4.25434e-97
6 5.48983e-104
6 6.99786e-100
6 3.67411e-100
6 2.41945e-99
6 4.68364e-102
6 2.09435e-100
6 2.45234e-103
6 3.88899e-98
6 8.49893e-94
6 6.43485e-98
6 8.47355e-98
6 5.42573e-99
6 2.47675e-99
6 1.3598e-102
6 1.30735e-102
6 1.81437e-102
6 1.82617e-94
6 1.2397e-98
6 7.74511e-97
6 1.3462e-96
6 2.14246e-97
6 6.56116e-96
6 6.71544e-102
6 1.04723e-102
6 1.78482e-96
6 7.77851e-100
6 2.6451e-97
6 3.92319e-94
6 6.71374e-99
6 3.21278e-96
6 4.93962e-96
6 1.13786e-95
6 7.63316e-93
6 1.84206e-99
6 1.95398e-100
6 6.85698e-98
6 1.19023e-94
6 4.11757e-98
6 6.75083e-97
6 3.1856e-95
6 6.11173e-96
6 1.73197e-97
6 9.48961e-97
6 8.69238e-100
7 1.49071e-101
7 5.89602e-101
7 2.03569e-98
7 1.85215e-101
7 1.93174e-97
7 1.25959e-100
7 4.08441e-98
7 3.22881e-97
7 8.31488e-97
7 5.06757e-98
7 1.80071e-100
7 3.9084e-100
7 6.61206e-100
7 7.11399e-99
7 8.19633e-103
7 1.58584e-101
7 4.26687e-101
7 1.26357e-99
7 1.01689e-100
7 1.28628e-99
7 1.98744e-102
7 1.06198e-97
7 1.65079e-98
7 3.66419e-100
7 4.09034e-94
7 7.5202e-97
7 1.38897e-99
7 3.37462e-101
7 2.03128e-99
7 1.66416e-99
7 3.08572e-101
7 4.97562e-102
7 8.10423e-95
7 5.29576e-102
7 5.03063e-102
7 4.6165e-99
7 8.91787e-106
7 2.72465e-101
7 3.16524e-105
7 4.31632e-96
7 1.71389e-100
7 1.5813e-99
7 4.70781e-99
7 3.6766e-101
7 1.77671e-104
7 1.78377e-94
7 3.64392e-98
7 6.23002e-100
7 1.20916e-97
7 3.85794e-97
8 3.73977e-94
8 4.77266e-98
8 6.59012e-100
8 1.57086e-100
8 1.08343e-102
8 2.08688e-99
8 1.15293e-95
8 4.68065e-97
8 3.67606e-100
8 2.0691e-96
8 2.23161e-99
8 1.01201e-103
8 5.60055e-97
8 2.23381e-100
8 4.32664e-102
8 7.975e-100
8 3.80889e-100
8 1.28469e-98
8 9.10476e-103
8 1.23931e-96
8 2.91073e-94
8 4.49967e-103
8 1.63631e-104
8 2.25445e-99
8 4.88406e-103
8 2.15364e-99
8 1.61409e-104
8 2.2579e-105
8 5.37725e-97
8 2.11648e-95
8 6.91852e-100
8 1.30821e-96
8 1.62203e-101
8 5.51777e-104
8 2.57597e-102
8 6.53421e-99
8 2.94888e-100
8 3.83184e-98
8 3.69184e-101
8 8.47114e-86
8 1.17574e-101
8 2.40611e-100
8 1.26473e-99
8 6.00299e-94
8 1.52503e-101
8 8.66795e-98
8 8.4164e-95
8 2.66352e-90
8 8.79376e-93
8 1.94508e-97
9 5.53993e-102
9 8.53098e-97
9 5.27853e-104
9 3.78008e-97
9 4.02167e-100
9 1.35077e-99
9 1.09232e-100
9 2.56119e-99
9 8.33697e-104
9 1.92878e-100
9 8.65309e-101
9 1.48931e-96
9 6.05845e-100
9 3.78683e-96
9 1.13962e-90
9 1.99235e-98
9 6.65244e-100
9 3.33148e-98
9 1.68143e-104
9 5.59186e-99
9 5.75832e-98
9 1.25284e-99
9 6.24372e-100
9 3.57795e-96
9 2.0352e-99
9 4.98094e-99
9 7.52415e-93
9 9.35927e-100
9 9.04556e-103
9 4.75874e-99
9 2.96137e-100
9 2.00365e-99
9 1.33722e-95
9 3.50473e-94
9 2.73209e-100
9 5.47822e-102
9 1.71659e-94
9 1.2792e-102
9 2.54697e-106
9 8.34015e-103
9 8.46763e-100
9 1.36299e-101
9 4.6127e-95
9 4.12964e-98
9 2.32904e-97
9 5.48093e-102
9 1.8073e-99
9 7.62745e-105
9 3.06428e-98
9 3.83567e-100
10 4.47585e-97
10 1.352e-96
10 1.795e-102
10 3.713e-101
10 2.25614e-98
10 1.13241e-99
10 1.80095e-95
10 4.26444e-99
10 1.0343e-93
10 1.40454e-99
10 6.5474e-98
10 3.10506e-95
10 1.969e-100
10 3.31127e-100
10 3.39411e-103
10 1.29522e-100
10 5.13393e-98
10 8.43417e-98
10 4.50185e-95
10 3.62841e-101
10 1.16344e-96
10 5.87396e-96
10 2.78243e-103
10 3.25093e-99
10 6.95719e-97
10 1.94818e-95
10 2.42692e-100
10 1.03079e-99
10 4.20783e-101
10 9.97608e-104
10 3.78164e-102
10 2.5428e-100
10 2.22762e-96
10 2.86776e-100
10 1.44546e-100
10 1.71548e-99
10 2.82312e-104
10 6.47553e-98
10 1.94257e-98
10 6.67323e-99
10 9.8233e-102
10 6.77418e-99
10 1.12594e-103
10 2.1491e-91
10 4.86574e-97
10 9.29307e-100
10 3.24872e-101
10 1.33712e-96
10 5.9286e-95
10 7.57254e-100
11 5.86253e-98
11 6.38921e-94
11 1.37854e-93
11 1.45604e-95
11 3.53807e-100
11 1.56429e-100
11 3.2133e-102
11 6.40997e-101
11 9.88414e-99
11 3.68971e-98
11 8.48389e-101
11 1.16212e-97
11 7.81644e-101
11 2.01972e-98
11 2.39032e-101
11 1.19366e-96
11 1.41968e-101
11 3.74399e-103
11 1.56711e-97
11 6.3346e-105
11 4.33741e-101
11 3.2655e-101
11 5.01406e-96
11 1.14892e-98
11 1.17553e-103
11 1.9998e-92
11 1.41234e-102
11 3.10764e-99
11 1.8003e-94
11 8.77535e-95
11 1.79357e-103
11 1.08794e-95
11 2.59984e-101
11 2.8441e-99
11 1.13782e-99
11 9.7645e-102
11 2.90791e-99
11 3.95457e-100
11 1.40763e-99
11 1.42851e-95
11 5.97414e-96
11 5.10342e-94
11 2.30855e-99
11 2.72362e-99
11 2.31049e-103
11 5.18912e-98
11 3.70545e-101
11 1.33398e-95
11 3.14285e-96
11 8.41673e-103
12 2.26973e-96
12 9.55773e-97
12 1.42951e-98
12 1.08989e-93
12 1.54028e-101
12 5.33121e-102
12 8.77714e-95
12 9.46348e-99
12 1.07808e-98
12 9.96551e-97
12 1.5143e-103
12 2.52121e-102
12 6.94637e-97
12 5.61416e-103
12 8.73636e-103
12 2.44276e-105
12 4.17288e-99
12 4.60494e-100
12 9.44893e-96
12 3.24228e-99
12 2.30966e-99
12 3.95755e-98
12 2.47853e-101
12 6.00845e-101
12 7.56423e-100
12 7.94127e-100
12 6.07158e-102
12 3.38625e-97
12 9.25853e-99
12 4.23367e-101
12 4.80733e-96
12 1.64137e-95
12 1.57236e-94
12 1.6041e-98
12 1.31689e-101
12 9.3e-95
12 2.15538e-102
12 2.81626e-96
12 5.3906e-102
12 1.1148e-99
12 1.91441e-103
12 1.67589e-97
12 4.22034e-95
12 1.65291e-102
12 6.86127e-104
12 3.07097e-97
12 1.87263e-98
12 1.00031e-92
12 2.99854e-99
12 6.47998e-98
13 2.13391e-101
13 1.03918e-97
13 6.72785e-100
13 5.63848e-102
13 4.97815e-101
13 1.79314e-99
13 3.75507e-102
13 2.97882e-101
13 3.65605e-98
13 2.16008e-95
13 2.2724e-105
13 3.20158e-102
13 2.3896e-94
13 4.09655e-100
13 1.35673e-101
13 1.55059e-100
13 9.87456e-102
13 3.12897e-96
13 5.62635e-102
13 1.65349e-96
13 5.31244e-102
13 1.12507e-96
13 1.76597e-97
13 6.23418e-88
13 9.68434e-101
13 3.75927e-102
13 7.84257e-98
13 1.43655e-101
13 4.42774e-99
13 1.52688e-105
13 3.83866e-100
13 3.79786e-101
13 8.75046e-102
13 1.1994e-97
13 1.27287e-100
13 2.97607e-100
13 1.60622e-101
13 9.86158e-96
13 3.18412e-98
13 1.20189e-90
13 3.94127e-98
13 1.02324e-94
13 1.27588e-96
13 1.20968e-97
13 2.4231e-103
13 3.6914e-99
13 1.53907e-98
13 1.20048e-99
13 1.06154e-96
13 1.97838e-100
14 1.21277e-106
14 4.17553e-97
14 8.09148e-100
14 8.01911e-102
14 4.39284e-96
14 1.25328e-98
14 8.19603e-96
14 5.77498e-98
14 1.25419e-96
14 1.42884e-101
14 7.98668e-103
14 1.97357e-97
14 4.98586e-104
14 1.47614e-102
14 2.19958e-96
14 4.16916e-96
14 2.88274e-101
14 6.42331e-103
14 2.00547e-100
14 2.97275e-97
14 3.00246e-96
14 9.37833e-103
14 1.95904e-100
14 2.48115e-97
14 6.77772e-97
14 6.42478e-99
14 4.77148e-102
14 3.23435e-101
14 1.44743e-92
14 5.90627e-101
14 7.92737e-104
14 1.0207e-102
14 1.88335e-96
14 4.73341e-100
14 5.53163e-98
14 1.68712e-90
14 1.59303e-91
14 6.8513e-98
14 9.22616e-102
14 1.07929e-93
14 3.63174e-105
14 5.44123e-104
14 5.97419e-95
14 5.71863e-98
14 2.03215e-93
14 3.70825e-102
14 3.83128e-100
14 4.01376e-96
14 4.1777e-103
14 6.23144e-96
15 5.80914e-103
15 3.64147e-98
15 3.29567e-99
15 4.62382e-101
15 1.31657e-99
15 2.63862e-98
15 3.44048e-102
15 6.94367e-102
15 9.78512e-103
15 5.47342e-101
15 4.10271e-103
15 1.13131e-101
15 8.23154e-101
15 3.1586e-102
15 3.42657e-95
15 2.00467e-100
15 3.16949e-98
15 2.59895e-100
15 2.72546e-99
15 1.7328e-96
15 4.49163e-98
15 3.22465e-103
15 6.80222e-97
15 1.47449e-102
15 6.84741e-103
15 9.28723e-101
15 4.59232e-92
15 6.71546e-95
15 1.81753e-96
15 7.11803e-101
15 1.18722e-97
15 1.61176e-99
15 7.87294e-100
15 1.11478e-100
15 6.17505e-97
15 3.03534e-91
15 9.44549e-102
15 3.25983e-102
15 1.91246e-101
15 1.31711e-98
15 2.9609e-98
15 1.03618e-102
15 9.32968e-100
15 9.80058e-103
15 4.37166e-100
15 2.09889e-93
15 3.0459e-99
15 4.03418e-100
15 3.37067e-100
15 3.58317e-98
16 1.24759e-98
16 7.06257e-94
16 2.70875e-99
16 1.97355e-100
16 1.99879e-100
16 9.06986e-102
16 4.73367e-102
16 2.82824e-97
16 1.64409e-103
16 1.56037e-96
16 1.10517e-98
16 1.1882e-103
16 1.27385e-100
16 1.73325e-93
16 7.48803e-103
16 7.50016e-100
16 1.44007e-99
16 2.38782e-96
16 1.50573e-104
16 1.07592e-102
16 1.11727e-99
16 1.90842e-99
16 2.45051e-100
16 6.01035e-97
16 4.51447e-95
16 9.10945e-95
16 3.02189e-101
16 9.91016e-103
16 3.86406e-98
16 7.5065e-101
16 8.26677e-100
16 3.72923e-96
16 8.31774e-100
16 1.00267e-98
16 3.56335e-104
16 4.51193e-101
16 2.42243e-104
16 1.23528e-103
16 2.87939e-105
16 1.81274e-101
16 4.38022e-96
16 1.17152e-101
16 2.12655e-104
16 3.69548e-97
16 3.20548e-99
16 1.4552e-103
16 5.2798e-90
16 1.0754e-101
16 3.94564e-100
16 1.5779e-98
17 3.77432e-98
17 9.00166e-93
17 6.00584e-98
17 8.65771e-96
17 2.77616e-98
17 3.42728e-97
17 3.29869e-101
17 1.09902e-93
17 1.82808e-103
17 1.87409e-100
17 4.33637e-99
17 1.20436e-100
17 6.09572e-101
17 6.47574e-101
17 4.31786e-99
17 4.60597e-96
17 6.61846e-99
17 1.24646e-105
17 7.82053e-102
17 1.89972e-98
17 9.02183e-99
17 1.98368e-97
17 1.14092e-102
17 7.7703e-98
17 4.32365e-97
17 1.49559e-94
17 3.0145e-99
17 4.06993e-99
17 4.70692e-101
17 3.44218e-96
17 1.07077e-101
17 1.09579e-98
17 4.6896e-103
17 2.00386e-94
17 5.29133e-100
17 3.81908e-99
17 9.49134e-93
17 7.75143e-101
17 5.36422e-104
17 1.1784e-98
17 2.02978e-98
17 4.93681e-102
17 3.69752e-101
17 5.41281e-99
17 3.26642e-97
17 6.34811e-98
17 1.01247e-101
17 5.84502e-99
17 2.25007e-100
17 5.26673e-99
18 2.83658e-97
18 1.39513e-97
18 1.17795e-97
18 3.22606e-98
18 8.19732e-102
18 1.30527e-100
18 2.05259e-104
18 8.86757e-97
18 3.20229e-100
18 2.81887e-102
18 3.06573e-96
18 3.80405e-105
18 2.02648e-95
18 2.64503e-99
18 1.16642e-104
18 1.40257e-103
18 7.05497e-99
18 2.04353e-94
18 2.85234e-100
18 1.24663e-100
18 3.06337e-99
18 8.01886e-102
18 2.97976e-103
18 3.04889e-102
18 5.23255e-99
18 2.78696e-102
18 6.75195e-96
18 2.07087e-99
18 1.4138e-101
18 1.15517e-97
18 2.46608e-100
18 1.57838e-98
18 3.43645e-100
18 4.52813e-101
18 9.93653e-97
18 1.01778e-99
18 3.27432e-99
18 2.82517e-104
18 6.04276e-94
18 6.59915e-93
18 8.31411e-100
18 1.87489e-98
18 1.89319e-97
18 2.48891e-98
18 7.55131e-97
18 9.30104e-96
18 2.50669e-101
18 6.54239e-100
18 4.14365e-99
18 5.82084e-101
19 1.22178e-99
19 7.74814e-96
19 1.00682e-101
19 8.63049e-103
19 3.50758e-95
19 2.84814e-97
19 1.18422e-97
19 2.94122e-98
19 6.46562e-104
19 3.0729e-102
19 2.01542e-97
19 8.02021e-102
19 8.61016e-100
19 1.05549e-97
19 7.74895e-101
19 5.6655e-101
19 2.12038e-102
19 1.05292e-102
19 3.73055e-89
19 5.26278e-102
19 3.05178e-95
19 4.5595e-103
19 6.59993e-98
19 7.77166e-101
19 3.37555e-100
19 1.95507e-97
19 3.08472e-99
19 5.57247e-95
19 1.77096e-101
19 2.55443e-98
19 7.33938e-102
19 1.75577e-100
19 7.27016e-101
19 1.07259e-100
19 1.72211e-98
19 3.81422e-88
19 3.93418e-100
19 4.0115e-103
19 2.44557e-99
19 1.14535e-100
19 1.43866e-102
19 7.30228e-101
19 2.85941e-99
19 2.2777e-92
19 1.39143e-97
19 7.47103e-104
19 1.86111e-99
19 1.48142e-102
19 1.06643e-100
19 5.02002e-102
20 2.90912e-97
20 1.05493e-97
20 3.11588e-104
20 2.61733e-100
20 9.23894e-100
20 1.27204e-98
20 4.48282e-99
20 2.81887e-98
20 1.66056e-98
20 6.43566e-99
20 1.93151e-103
20 2.85464e-97
20 2.64247e-98
20 1.81142e-101
20 2.83407e-97
20 3.45003e-103
20 2.16945e-101
20 6.58699e-100
20 6.72995e-97
20 1.13691e-99
20 9.50775e-95
20 4.46635e-100
20 1.76135e-98
20 5.31857e-97
20 9.35915e-98
20 5.13604e-99
20 2.01603e-97
20 5.1208e-100
20 1.60667e-98
20 1.01324e-102
20 1.25726e-101
20 2.45703e-97
20 2.3883e-98
20 1.50227e-101
20 8.16389e-103
20 1.25433e-97
20 1.45304e-99
20 1.95991e-101
20 3.13509e-103
20 2.9982e-103
20 1.95541e-94
20 6.34626e-99
20 1.5311e-93
20 5.84567e-98
20 2.62196e-103
20 6.78361e-100
20 2.61486e-102
20 1.60333e-99
20 4.33222e-99
20 3.22684e-102
21 2.74987e-99
21 2.49016e-99
21 9.20049e-96
21 1.29682e-105
21 5.3657e-99
21 2.66248e-97
21 7.22987e-99
21 3.99754e-102
21 2.25887e-99
21 2.18955e-96
21 1.95427e-102
21 4.44247e-97
21 1.1811e-99
21 6.21379e-102
21 4.88388e-103
21 1.28977e-96
21 1.48293e-92
21 9.54916e-101
21 3.58251e-100
21 2.7116e-98
21 4.35908e-101
21 3.48699e-100
21 3.67446e-99
21 2.095e-98
21 9.06506e-100
21 2.9234e-103
21 1.00696e-100
21 4.57785e-99
21 5.57573e-99
21 6.87487e-99
21 8.68777e-101
21 1.73006e-98
21 1.76385e-103
21 9.02363e-100
21 4.13765e-101
21 4.30279e-102
21 1.27977e-101
21 7.78702e-94
21 4.024e-98
21 1.7625e-105
21 9.12718e-99
21 2.75384e-95
21 1.91708e-97
21 1.79114e-99
21 8.90244e-99
21 2.21798e-98
21 7.60846e-100
21 1.90671e-97
21 2.98502e-96
21 1.78243e-106
22 2.65443e-95
22 3.74947e-101
22 2.37157e-98
22 2.45802e-101
22 4.81638e-103
22 6.18861e-92
22 8.38469e-104
22 6.59077e-97
22 1.35796e-103
22 4.09078e-100
22 8.17912e-103
22 3.56292e-98
22 5.65978e-101
22 5.81183e-103
22 7.67938e-97
22 3.53973e-100
22 3.03825e-90
22 5.62168e-101
22 8.15995e-100
22 1.45761e-98
22 8.23639e-100
22 8.90556e-102
22 1.3652e-100
22 2.76278e-99
22 5.90588e-100
22 5.51789e-100
22 5.31244e-103
22 1.47189e-97
22 9.20276e-102
22 5.61155e-98
22 4.66532e-101
22 7.32647e-103
22 3.4211e-98
22 2.09591e-98
22 2.47566e-98
22 4.34986e-97
22 1.19205e-102
22 2.23571e-95
22 5.93421e-103
22 3.38204e-101
22 5.60688e-97
22 1.44335e-100
22 8.85562e-100
22 8.35063e-102
22 7.94093e-96
22 9.36477e-100
22 4.01819e-102
22 2.8554e-101
22 2.93433e-97
22 1.67964e-98
23 2.08465e-101
23 1.86679e-94
23 6.39813e-96
23 3.44224e-101
23 7.28558e-96
23 4.21856e-99
23 1.03921e-102
23 3.28289e-99
23 2.09326e-97
23 7.28144e-97
23 3.1388e-98
23 2.67237e-100
23 7.17129e-104
23 6.34324e-100
23 5.07319e-97
23 2.58317e-100
23 3.61114e-98
23 6.24248e-100
23 2.56626e-100
23 5.45563e-96
23 3.91134e-99
23 1.88833e-98
23 1.61906e-99
23 1.59435e-98
23 8.15752e-98
23 7.95766e-94
23 5.33445e-99
23 6.36005e-96
23 9.88712e-101
23 1.33401e-99
23 4.76931e-99
23 3.95273e-99
23 3.99738e-95
23 1.60798e-102
23 1.78748e-99
23 2.8377e-101
23 4.54742e-103
23 1.24563e-100
23 3.78508e-102
23 6.47315e-104
23 7.54341e-100
23 1.02195e-100
23 2.29566e-98
23 1.94876e-100
23 6.21389e-99
23 5.40489e-101
23 6.32658e-97
23 1.53585e-101
23 6.19769e-99
23 1.11695e-100
24 6.71125e-93
24 2.11876e-99
24 4.58596e-103
24 1.37391e-96
24 4.49458e-94
24 1.07285e-93
24 2.59614e-105
24 3.36309e-103
24 3.69807e-101
24 4.37627e-100
24 1.73335e-100
24 3.06883e-101
24 8.58588e-97
24 2.84692e-106
24 7.19301e-103
24 5.17071e-103
24 1.02467e-100
24 4.07694e-97
24 5.28783e-101
24 6.97006e-101
24 1.66648e-101
24 9.82636e-100
24 1.68367e-101
24 5.40905e-101
24 2.28947e-99
24 8.65678e-103
24 1.30005e-102
24 5.73401e-103
24 4.76856e-101
24 8.04742e-101
24 1.95154e-99
24 3.6974e-101
24 4.71282e-96
24 8.23089e-102
24 3.68425e-99
24 7.22246e-102
24 4.20816e-99
24 6.52866e-103
24 2.88876e-99
24 3.31446e-96
24 6.16573e-106
24 7.15112e-99
24 2.37791e-105
24 1.65478e-98
24 8.79031e-104
24 2.92192e-100
24 2.21066e-101
24 1.49397e-102
24 9.91718e-100
24 5.25984e-103
25 5.45371e-98
25 1.79474e-94
25 4.27814e-96
25 3.52145e-97
25 4.73273e-99
25 1.48955e-98
25 1.9967e-98
25 1.34583e-100
25 3.17547e-100
25 3.30573e-98
25 5.13418e-101
25 1.30145e-99
25 7.41877e-101
25 5.1865e-101
25 1.69089e-98
25 6.10942e-99
25 1.46645e-98
25 2.99232e-104
25 2.42616e-103
25 3.73387e-102
25 2.41925e-97
25 8.52363e-97
25 3.40111e-98
25 8.91948e-102
25 4.41285e-95
25 1.30611e-99
25 2.83492e-101
25 1.87179e-99
25 4.05545e-105
25 1.8822e-100
25 9.1388e-101
25 4.5902e-95
25 8.83875e-100
25 1.32725e-101
25 1.61634e-101
25 5.83326e-97
25 6.53415e-102
25 7.39416e-89
25 2.20995e-96
25 1.12587e-97
25 2.75401e-98
25 2.34222e-103
25 1.91394e-98
25 4.54567e-101
25 2.04722e-100
25 2.01553e-99
25 1.7129e-98
25 2.75467e-104
25 3.00099e-96
25 6.72788e-99
26 9.55488e-97
26 1.27325e-99
26 1.50742e-96
26 1.56949e-103
26 2.9872e-99
26 8.6577e-97
26 8.96509e-104
26 7.49323e-101
26 2.95036e-97
26 6.90405e-98
26 2.69702e-103
26 5.51953e-101
26 4.10121e-96
26 1.17903e-98
26 2.86961e-99
26 1.67887e-101
26 4.40039e-98
26 1.75967e-101
26 1.67481e-96
26 2.64926e-97
26 8.07375e-102
26 8.00108e-101
26 3.48381e-103
26 4.2144e-97
26 3.25948e-101
26 3.96723e-97
26 3.63899e-94
26 6.49696e-104
26 5.4684e-102
26 1.5592e-100
26 7.02262e-99
26 7.42985e-101
26 1.68515e-99
26 5.33372e-103
26 5.20135e-101
26 3.60083e-101
26 7.23552e-98
26 1.41221e-100
26 1.01308e-101
26 2.92581e-101
26 1.88599e-99
26 1.30039e-102
26 1.60368e-104
26 2.21547e-99
26 5.59113e-101
26 5.22791e-99
26 1.4765e-99
26 2.80627e-98
26 5.71782e-97
26 3.50701e-99
27 7.05102e-97
27 2.90155e-95
27 5.26258e-103
27 8.18719e-99
27 5.5152e-94
27 3.41743e-97
27 6.02322e-101
27 3.83372e-97
27 1.04563e-101
27 6.62102e-103
27 7.77802e-102
27 9.65743e-102
27 3.44423e-100
27 1.09388e-97
27 9.65688e-97
27 2.03387e-101
27 1.8903e-96
27 4.9317e-99
27 1.9274e-99
27 3.12635e-98
27 2.41999e-99
27 8.17733e-96
27 9.66627e-102
27 7.76123e-100
27 2.72664e-99
27 5.17469e-102
27 8.96611e-99
27 6.30198e-100
27 3.01465e-101
27 9.87154e-102
27 1.34592e-99
27 3.4234e-100
27 4.95544e-100
27 1.91867e-99
27 3.05901e-104
27 6.61214e-100
27 6.30075e-101
27 3.94841e-96
27 9.60859e-103
27 2.33286e-100
27 1.44677e-99
27 2.39922e-100
27 8.58896e-102
27 4.09367e-97
27 2.49817e-99
27 1.08137e-102
27 4.25804e-100
27 1.84394e-102
27 4.007e-101
27 2.86555e-88
28 6.34024e-100
28 1.24107e-99
28 3.23038e-103
28 1.03811e-96
28 1.69701e-99
28 5.99902e-97
28 5.96039e-96
28 3.16043e-101
28 1.11055e-99
28 8.18808e-97
28 1.98164e-99
28 9.9984e-100
28 7.68313e-99
28 4.51617e-98
28 2.55637e-99
28 6.22662e-101
28 1.90041e-99
28 6.15216e-103
28 3.63083e-97
28 6.10573e-100
28 2.83481e-99
28 6.79748e-103
28 1.70554e-99
28 2.84371e-97
28 2.22215e-99
28 8.00467e-98
28 5.96013e-101
28 1.97711e-94
28 2.13962e-95
28 2.35911e-103
28 2.76471e-101
28 1.10933e-103
28 6.74987e-102
28 6.37578e-99
28 2.56796e-101
28 1.55743e-99
28 1.41342e-100
28 1.10192e-96
28 1.48828e-104
28 1.19252e-101
28 1.32175e-98
28 1.08264e-102
28 1.10045e-100
28 4.09047e-100
28 4.96461e-100
28 2.12916e-95
28 3.93381e-96
28 4.5716e-98
28 5.73434e-95
28 1.31937e-94
29 1.23162e-98
29 1.76659e-105
29 7.95595e-101
29 9.86659e-98
29 1.83964e-101
29 9.38315e-100
29 2.54613e-94
29 4.39474e-102
29 2.78962e-100
29 7.43028e-98
29 5.94945e-101
29 1.29489e-99
29 7.49833e-101
29 1.12015e-99
29 5.95696e-95
29 3.45572e-92
29 1.3296e-99
29 7.35335e-95
29 1.11633e-98
29 1.00512e-102
29 6.96733e-100
29 3.73381e-100
29 9.4115e-101
29 1.3891e-96
29 2.40813e-102
29 4.87578e-102
29 2.3971e-103
29 1.72585e-99
29 4.64554e-100
29 1.04994e-100
29 3.8119e-101
29 3.49073e-104
29 4.18389e-101
29 2.92426e-101
29 1.39039e-100
29 1.18415e-101
29 1.52743e-102
29 1.03322e-101
29 1.34654e-100
29 6.29131e-97
29 6.20919e-103
29 5.96163e-105
29 2.89486e-100
29 3.02321e-101
29 1.89699e-102
29 5.56424e-101
29 8.93552e-104
29 7.04567e-105
29 3.14787e-102
29 1.31343e-97
30 5.13002e-99
30 3.50071e-103
30 9.77042e-96
30 5.08218e-104
30 7.28224e-102
30 6.39049e-96
30 8.91323e-99
30 6.09969e-101
30 1.77489e-95
30 1.16758e-98
30 2.98051e-100
30 1.06411e-99
30 2.52828e-103
30 6.4448e-103
30 1.32953e-98
30 9.69545e-100
30 1.45573e-100
30 9.35664e-97
30 1.10047e-100
30 5.51668e-100
30 3.47909e-94
30 4.80737e-97
30 3.43873e-100
30 1.72824e-99
30 1.62065e-102
30 3.14401e-98
30 8.00378e-100
30 8.246e-97
30 3.94395e-102
30 1.98956e-103
30 5.19782e-100
30 4.60812e-101
30 2.64486e-98
30 5.54317e-101
30 1.97964e-100
30 9.06762e-104
30 1.06533e-99
30 5.93407e-97
30 9.0229e-100
30 1.82908e-98
30 8.8607e-100
30 7.40767e-100
30 5.31524e-96
30 3.4439e-99
30 1.23602e-96
30 5.43768e-97
30 3.64323e-95
30 5.90005e-97
30 1.04886e-102
30 8.06293e-100
31 6.38586e-98
31 3.72853e-99
31 7.93847e-94
31 8.9357e-104
31 2.99808e-97
31 1.49089e-98
31 3.95634e-104
31 1.24252e-103
31 9.70128e-99
31 5.20775e-103
31 7.20057e-98
31 9.73138e-103
31 5.53719e-99
31 1.89572e-99
31 6.27464e-99
31 5.15442e-102
31 4.39314e-104
31 5.56479e-105
31 1.93418e-99
31 5.75995e-101
31 1.7629e-99
31 1.07445e-97
31 6.66365e-100
31 5.10168e-100
31 3.00878e-93
31 7.70375e-98
31 5.41821e-102
31 1.53984e-98
31 1.35272e-102
31 1.29473e-99
31 5.15491e-97
31 1.17991e-99
31 1.59527e-97
31 1.01724e-98
31 4.06219e-96
31 2.52829e-98
31 1.19916e-96
31 5.86903e-99
31 1.56326e-99
31 7.10225e-101
31 8.39263e-98
31 1.84945e-103
31 3.05127e-92
31 4.45644e-101
31 2.32654e-99
31 3.57329e-95
31 5.79972e-103
31 6.63022e-94
31 9.25914e-105
31 6.10901e-97
32 2.60716e-96
32 7.27385e-104
32 1.60765e-104
32 3.58657e-103
32 2.4922e-103
32 5.24066e-103
32 2.34636e-100
32 1.99056e-93
32 1.90245e-102
32 7.66691e-103
32 1.93433e-92
32 1.95089e-93
32 7.42683e-100
32 2.6851e-98
32 2.24105e-103
32 1.33438e-100
32 3.73876e-101
32 7.52939e-101
32 3.44479e-97
32 7.91062e-106
32 4.7007e-98
32 3.65309e-97
32 3.25546e-94
32 7.6766e-100
32 2.44876e-98
32 2.79573e-96
32 2.79617e-95
32 3.87234e-95
32 1.65892e-100
32 3.17924e-100
32 6.29986e-100
32 8.04042e-102
32 6.09381e-98
32 5.54265e-103
32 2.85817e-99
32 9.61304e-99
32 3.27834e-100
32 2.2628e-100
32 1.65667e-99
32 3.66788e-97
32 4.52948e-99
32 4.80241e-98
32 2.16797e-104
32 8.53055e-99
32 1.14344e-98
32 2.75207e-99
32 2.75776e-98
32 6.98721e-103
32 2.45392e-96
32 1.87274e-99
33 1.26053e-102
33 1.34566e-99
33 2.92242e-98
33 2.40931e-102
33 9.3977e-102
33 1.20829e-102
33 2.86415e-101
33 7.6286e-100
33 5.32573e-102
33 1.81942e-103
33 2.58374e-102
33 5.86261e-104
33 1.67252e-95
33 3.52135e-104
33 6.21276e-103
33 6.54556e-96
33 5.19608e-99
33 4.10714e-99
33 5.54633e-97
33 7.7315e-93
33 1.85438e-100
33 5.57227e-96
33 2.46509e-97
33 4.42968e-103
33 9.57825e-93
33 4.78428e-103
33 1.16155e-97
33 2.53997e-97
33 2.21123e-98
33 1.00326e-99
33 3.66081e-101
33 1.27812e-102
33 4.42061e-105
33 2.46236e-99
33 1.74478e-102
33 5.16574e-101
33 3.73785e-100
33 1.38642e-98
33 3.90169e-102
33 5.42683e-99
33 4.78474e-103
33 1.32489e-98
33 7.79641e-103
33 5.17761e-102
33 1.11592e-97
33 9.3341e-104
33 9.14024e-98
33 2.43747e-104
33 1.00012e-93
33 3.15781e-99
34 5.42004e-104
34 9.31421e-98
34 6.97613e-101
34 8.8753e-100
34 1.27561e-98
34 9.42662e-97
34 3.90014e-101
34 1.7313e-97
34 8.82807e-99
34 1.08785e-96
34 1.49469e-99
34 2.68013e-94
34 8.77425e-102
34 3.09135e-100
34 5.80733e-96
34 3.94647e-98
34 2.52869e-102
34 1.31244e-100
34 9.55785e-105
34 2.02627e-98
34 5.09678e-104
34 7.87575e-102
34 8.2479e-101
34 9.14208e-92
34 3.61081e-100
34 6.02184e-104
34 3.56108e-102
34 2.29701e-100
34 2.94371e-99
34 1.73519e-98
34 3.52515e-100
34 4.20955e-95
34 1.80536e-102
34 2.35338e-97
34 1.55365e-103
34 8.13737e-101
34 2.87332e-99
34 1.18602e-103
34 3.71507e-97
34 3.65726e-98
34 8.92385e-98
34 5.96583e-100
34 8.81259e-98
34 2.08795e-99
34 7.78538e-103
34 1.48981e-105
34 1.30459e-102
34 6.61661e-97
34 3.52399e-96
34 9.22664e-95
35 1.31461e-99
35 5.24813e-101
35 3.4134e-98
35 1.44714e-94
35 2.85454e-97
35 4.2605e-101
35 9.66447e-101
35 1.63547e-96
35 1.22516e-98
35 8.47638e-94
35 1.98507e-100
35 3.42084e-103
35 4.79284e-97
35 7.54781e-100
35 1.1748e-95
35 2.9162e-99
35 5.2364e-102
35 2.82174e-100
35 1.93364e-99
35 1.77316e-98
35 2.80296e-100
35 2.88908e-101
35 1.71438e-101
35 5.4522e-100
35 1.1888e-103
35 5.80959e-101
35 2.09499e-101
35 9.29702e-99
35 7.02331e-102
35 3.55072e-102
35 2.47818e-101
35 2.65431e-100
35 3.25504e-97
35 7.03873e-105
35 1.32421e-98
35 4.18466e-102
35 9.46514e-97
35 8.40661e-99
35 1.64292e-98
35 8.24212e-103
35 9.22765e-100
35 2.27482e-102
35 1.28921e-97
35 2.72987e-102
35 7.03606e-103
35 1.68066e-96
35 2.63928e-90
35 9.23562e-98
35 3.94808e-97
35 4.03892e-99
36 4.51565e-92
36 8.57168e-98
36 4.69579e-103
36 9.53473e-99
36 7.84624e-104
36 7.61408e-104
36 7.41918e-98
36 1.71294e-102
36 5.52089e-99
36 9.48794e-102
36 2.16776e-104
36 3.21362e-98
36 1.54561e-101
36 4.70187e-96
36 9.61019e-103
36 3.4194e-96
36 1.94333e-101
36 1.50973e-98
36 3.74692e-100
36 6.95436e-94
36 3.28973e-100
36 1.1819e-99
36 2.54073e-103
36 1.37443e-94
36 2.69694e-102
36 3.73712e-93
36 1.11425e-100
36 2.21033e-99
36 5.48406e-103
36 2.21159e-100
36 1.39072e-99
36 5.04502e-101
36 5.52368e-100
36 5.3025e-98
36 7.87184e-101
36 2.38564e-101
36 3.22104e-97
36 4.74233e-103
36 1.04944e-95
36 3.54377e-102
36 1.36833e-102
36 1.57026e-97
36 3.55292e-99
36 1.00363e-99
36 2.38068e-101
36 7.2524e-99
36 1.24195e-98
36 1.37192e-98
36 6.7229e-99
36 2.13817e-99
37 8.54629e-103
37 2.28985e-98
37 1.88893e-95
37 6.78848e-102
37 2.47025e-101
37 2.24535e-97
37 1.45299e-99
37 9.68435e-102
37 1.10918e-100
37 1.76614e-99
37 9.53842e-91
37 2.85675e-100
37 1.08371e-101
37 2.27871e-101
37 2.3772e-97
37 1.04118e-100
37 4.50042e-93
37 8.61909e-100
37 2.03216e-99
37 4.62269e-100
37 1.3856e-100
37 2.58235e-101
37 3.43997e-103
37 1.44572e-98
37 2.50855e-96
37 3.28275e-98
37 3.89616e-103
37 8.49277e-101
37 7.62961e-103
37 1.88266e-97
37 1.58873e-97
37 1.46073e-99
37 7.75718e-98
37 4.76061e-99
37 1.42087e-102
37 2.07035e-100
37 1.13458e-95
37 2.24617e-100
37 1.98792e-97
37 3.41126e-99
37 1.43168e-101
37 3.16295e-101
37 3.69268e-97
37 3.97769e-98
37 1.03257e-104
37 3.82306e-99
37 4.36999e-101
37 7.69095e-102
37 4.57613e-100
37 4.49449e-97
38 2.69082e-95
38 5.38202e-97
38 3.75463e-101
38 1.96336e-101
38 2.09988e-101
38 9.06324e-97
38 4.9215e-101
38 7.87002e-99
38 5.83361e-101
38 1.4794e-102
38 2.2029e-102
38 9.51978e-97
38 3.93814e-104
38 1.3634e-101
38 1.02176e-102
38 4.98567e-103
38 4.17572e-99
38 1.42798e-99
38 6.85429e-98
38 4.26509e-100
38 1.63073e-102
38 4.55685e-100
38 9.30962e-103
38 7.84245e-93
38 1.58285e-104
38 3.07869e-92
38 1.14121e-94
38 1.00634e-95
38 6.44229e-99
38 1.06672e-101
38 7.69665e-98
38 6.70607e-95
38 5.69052e-98
38 1.8057e-102
38 3.76475e-104
38 1.66199e-104
38 1.47737e-97
38 2.25012e-98
38 3.09652e-99
38 2.23814e-98
38 3.83358e-99
38 5.43753e-101
38 2.47064e-98
38 1.13032e-100
38 6.88754e-105
38 6.24526e-101
38 2.62915e-99
38 9.54064e-103
38 6.17611e-99
38 1.32681e-102
39 3.60295e-100
39 1.52192e-103
39 2.35126e-97
39 4.82243e-97
39 2.94965e-98
39 6.52625e-98
39 1.31141e-99
39 1.36372e-96
39 7.10395e-103
39 4.487e-98
39 7.15572e-100
39 2.71275e-97
39 6.46473e-101
39 3.93518e-99
39 8.15153e-105
39 5.23306e-98
39 2.55696e-101
39 2.71877e-97
39 8.56235e-101
39 1.60999e-98
39 8.39038e-93
39 1.6088e-100
39 1.54857e-101
39 2.34568e-98
39 5.14465e-103
39 5.09637e-102
39 9.93528e-102
39 6.81058e-101
39 6.51901e-99
39 3.37935e-102
39 3.4006e-98
39 6.6851e-101
39 4.13341e-104
39 1.32343e-98
39 2.80689e-100
39 7.19428e-103
39 2.13697e-102
39 4.51584e-104
39 1.97392e-95
39 1.03781e-99
39 1.05546e-103
39 6.83895e-99
39 9.03065e-102
39 1.00116e-101
39 4.69657e-101
39 9.30037e-99
39 3.92689e-97
39 2.95041e-97
39 1.90779e-102
39 2.72027e-99
40 7.41196e-96
40 3.87243e-100
40 2.62335e-101
40 5.19644e-95
40 5.40221e-99
40 6.85946e-102
40 1.70418e-104
40 1.54865e-98
40 8.53412e-101
40 3.1404e-99
40 7.33902e-96
40 1.28627e-100
40 8.30836e-104
40 6.56218e-97
40 3.51724e-98
40 7.97008e-102
40 1.27178e-96
40 1.77236e-103
40 8.27165e-97
40 2.77997e-99
40 1.63687e-94
40 9.86506e-93
40 2.28339e-102
40 1.98477e-101
40 8.50267e-104
40 5.44974e-105
40 3.51195e-97
40 3.49058e-103
40 8.79566e-100
40 1.26093e-105
40 1.01551e-97
40 1.90734e-103
40 4.06663e-101
40 4.77717e-97
40 9.95457e-96
40 6.20902e-100
40 1.06231e-101
40 2.5295e-96
40 7.48018e-102
40 9.74828e-95
40 2.28457e-100
40 8.96681e-103
40 1.09438e-101
40 5.56537e-103
40 5.16761e-97
40 2.50752e-103
40 2.06192e-98
40 5.8945e-96
40 7.90837e-100
40 6.31185e-102
41 1.00218e-97
41 1.20039e-101
41 5.04778e-103
41 1.14958e-96
41 9.42627e-101
41 2.92485e-98
41 3.29295e-99
41 4.36989e-107
41 1.61466e-90
41 8.78433e-102
41 1.06485e-97
41 9.12395e-103
41 5.7512e-101
41 3.64216e-100
41 3.82605e-100
41 2.81449e-96
41 1.61418e-98
41 2.27519e-99
41 9.73717e-99
41 4.32808e-104
41 5.05171e-98
41 3.34772e-100
41 1.9847e-100
41 2.61084e-98
41 8.03699e-101
41 7.75479e-99
41 5.2823e-99
41 6.46733e-104
41 5.17334e-98
41 2.78381e-102
41 1.95591e-102
41 2.73001e-103
41 3.57715e-101
41 3.48594e-97
41 3.73776e-94
41 3.78163e-101
41 1.42303e-98
41 2.02794e-100
41 1.48084e-101
41 5.38791e-102
41 1.39736e-99
41 6.65475e-96
41 8.55803e-98
41 3.90974e-99
41 4.46122e-99
41 9.52569e-99
41 1.97911e-103
41 2.53062e-105
41 2.63782e-102
41 4.58357e-95
42 2.85678e-100
42 1.11375e-99
42 2.20823e-99
42 2.2979e-104
42 1.97781e-98
42 3.00852e-102
42 4.09979e-100
42 1.19246e-102
42 7.67618e-100
42 5.94741e-102
42 4.69163e-99
42 9.03678e-102
42 4.13307e-101
42 6.08579e-100
42 1.4134e-99
42 1.32934e-98
42 1.65216e-99
42 1.14978e-96
42 3.11078e-103
42 3.2463e-100
42 7.78162e-103
42 5.38371e-102
42 2.76584e-101
42 2.48278e-101
42 5.69509e-102
42 2.00926e-100
42 1.18883e-93
42 4.27874e-100
42 5.64175e-100
42 1.55133e-98
42 3.00071e-101
42 9.12864e-94
42 4.67139e-100
42 3.77131e-100
42 6.23045e-104
42 5.33612e-104
42 4.9911e-99
42 3.06362e-100
42 5.12998e-100
42 2.63382e-92
42 7.98815e-98
42 2.52085e-103
42 5.96328e-99
42 5.02057e-106
42 1.17606e-100
42 5.46879e-100
42 6.09738e-104
42 5.78862e-101
42 2.81136e-96
42 7.0723e-101
43 3.48112e-100
43 7.71361e-98
43 1.20851e-97
43 1.12641e-103
43 4.70069e-100
43 6.60193e-102
43 3.27334e-101
43 3.42216e-101
43 5.94914e-101
43 2.53917e-103
43 9.38805e-101
43 1.42852e-101
43 1.65294e-98
43 8.12301e-100
43 8.93907e-102
43 1.52865e-100
43 3.78438e-98
43 8.42513e-96
43 2.10813e-96
43 1.48038e-97
43 8.08226e-102
43 1.92245e-104
43 2.82061e-100
43 1.34051e-101
43 8.15869e-102
43 7.6429e-101
43 9.81085e-103
43 2.46077e-102
43 1.18229e-99
43 1.64123e-98
43 3.05752e-92
43 3.90496e-95
43 3.76508e-102
43 7.61239e-99
43 2.202e-99
43 2.47572e-100
43 2.30726e-99
43 5.33697e-100
43 9.12577e-104
43 1.73981e-99
43 2.5305e-96
43 2.36592e-99
43 1.36743e-96
43 7.04298e-103
43 1.15178e-102
43 1.06997e-101
43 1.21741e-99
43 9.46345e-103
43 2.47152e-103
43 1.07121e-101
44 3.01767e-95
44 3.75074e-103
44 5.04777e-102
44 5.36466e-103
44 6.62783e-101
44 3.62812e-99
44 7.00887e-99
44 1.51123e-102
44 1.72147e-102
44 1.63587e-101
44 5.94628e-102
44 2.44357e-100
44 1.889e-100
44 1.07819e-100
44 1.59668e-101
44 5.38251e-97
44 1.96239e-99
44 5.4415e-98
44 4.94909e-101
44 2.64488e-95
44 1.8586e-100
44 2.58205e-103
44 4.31146e-99
44 1.29966e-100
44 2.45828e-98
44 1.27782e-103
44 4.58199e-91
44 2.17514e-95
44 1.59416e-98
44 2.35807e-101
44 3.06753e-97
44 1.07729e-96
44 3.90074e-98
44 1.40304e-99
44 1.08051e-100
44 1.69494e-104
44 1.50777e-101
44 2.37798e-101
44 2.4046e-101
44 3.34792e-99
44 2.52071e-98
44 5.09482e-99
44 1.22513e-104
44 8.80707e-101
44 8.84796e-99
44 6.12647e-101
44 1.52887e-96
44 2.91942e-94
44 1.70981e-100
44 2.60009e-97
45 1.35576e-102
45 8.38299e-98
45 4.19947e-99
45 2.38004e-104
45 2.4308e-99
45 4.86944e-101
45 1.1021e-95
45 3.22729e-99
45 1.86825e-98
45 6.49151e-99
45 1.07291e-94
45 8.99447e-99
45 5.72702e-100
45 3.87138e-101
45 1.73878e-100
45 1.33345e-100
45 3.67347e-99
45 1.34167e-97
45 4.26915e-98
45 2.41182e-95
45 3.90889e-100
45 1.08483e-97
45 9.83432e-102
45 6.4388e-100
45 2.62438e-103
45 3.30771e-99
45 4.29614e-98
45 7.33186e-92
45 1.46448e-99
45 5.94345e-103
45 3.24226e-97
45 1.72898e-100
45 2.8892e-101
45 4.13078e-96
45 1.02504e-97
45 8.47496e-101
45 3.45913e-99
45 1.51068e-100
45 3.63595e-103
45 3.30202e-102
45 4.14953e-95
45 4.08654e-100
45 7.22458e-99
45 1.70946e-98
45 8.23938e-100
45 1.00588e-94
45 1.07468e-94
45 1.11562e-98
45 9.9453e-101
45 6.30794e-98
46 9.92984e-98
46 2.87918e-95
46 6.6496e-105
46 9.35626e-95
46 1.0086e-103
46 1.29136e-95
46 5.90175e-97
46 4.86333e-99
46 4.96327e-101
46 9.36537e-96
46 1.3525e-100
46 4.42546e-96
46 9.88999e-100
46 2.67183e-99
46 1.10582e-100
46 4.22083e-96
46 3.20699e-103
46 8.6021e-102
46 8.63046e-101
46 6.18069e-104
46 6.54505e-89
46 2.65296e-103
46 1.73639e-98
46 2.99033e-102
46 8.0491e-96
46 2.59171e-97
46 3.40192e-101
46 1.28946e-100
46 2.33973e-100
46 3.81913e-105
46 8.41891e-101
46 2.23414e-99
46 9.3952e-101
46 6.19519e-102
46 2.32737e-97
46 4.47565e-97
46 4.67332e-102
46 1.24971e-103
46 1.56668e-96
46 1.27529e-99
46 1.18904e-103
46 8.16755e-99
46 1.62696e-89
46 1.36145e-101
46 1.7484e-102
46 7.28518e-100
46 7.32342e-102
46 3.69715e-103
46 4.78098e-101
46 4.31712e-99
47 3.10615e-96
47 3.64478e-98
47 1.60099e-99
47 4.63713e-101
47 1.01931e-102
47 1.45395e-101
47 1.59735e-98
47 6.37632e-104
47 4.95726e-97
47 1.63363e-98
47 2.04856e-98
47 1.2714e-97
47 3.92774e-100
47 1.53862e-102
47 1.34795e-99
47 1.94175e-97
47 1.04113e-102
47 9.72789e-97
47 6.83251e-98
47 4.89826e-100
47 1.92317e-102
47 1.58242e-97
47 4.11972e-104
47 5.65253e-102
47 1.0725e-95
47 2.33022e-100
47 1.27006e-96
47 4.87767e-96
47 4.62853e-101
47 7.51674e-99
47 5.18927e-100
47 5.45507e-101
47 3.2354e-99
47 5.02035e-97
47 3.73791e-100
47 1.31071e-99
47 6.06793e-100
47 1.98799e-93
47 4.94471e-101
47 1.39356e-97
47 9.37787e-98
47 3.74435e-100
47 2.10381e-97
47 1.35777e-97
47 2.20191e-105
47 2.71905e-105
47 5.28267e-96
47 2.60061e-101
47 2.97723e-97
47 8.31648e-101
48 1.96711e-94
48 1.77595e-99
48 6.52193e-97
48 7.95944e-99
48 8.55693e-100
48 2.8248e-99
48 2.58091e-100
48 2.17962e-102
48 6.24018e-103
48 1.68867e-96
48 5.62556e-99
48 1.47238e-96
48 9.07769e-103
48 4.08289e-97
48 5.05976e-102
48 5.79559e-102
48 1.75461e-100
48 4.80086e-102
48 8.41888e-101
48 3.79481e-106
48 1.92105e-100
48 3.68501e-100
48 2.44907e-98
48 9.62628e-99
48 1.23935e-99
48 1.93489e-101
48 2.85735e-99
48 3.73992e-98
48 1.34016e-98
48 3.92882e-101
48 6.91053e-105
48 2.64615e-105
48 2.19439e-98
48 2.52824e-99
48 9.92499e-101
48 8.34597e-99
48 7.91423e-99
48 1.65768e-101
48 2.41231e-98
48 1.56621e-99
48 1.55151e-101
48 3.06034e-101
48 4.23921e-93
48 7.20315e-101
48 4.62841e-103
48 2.1873e-100
48 6.82642e-97
48 5.15701e-100
48 7.22408e-103
48 4.81569e-94
49 3.92645e-100
49 2.02479e-95
49 1.37302e-101
49 6.61402e-101
49 6.15004e-95
49 7.22366e-102
49 1.03526e-97
49 5.96606e-97
49 3.03839e-99
49 4.74304e-105
49 1.48039e-101
49 3.92158e-98
49 4.78717e-102
49 7.37258e-100
49 2.13612e-102
49 3.05116e-97
49 2.38439e-100
49 5.61699e-98
49 2.11176e-100
49 1.54172e-101
49 7.54883e-96
49 6.46092e-102
49 1.78412e-102
49 3.65199e-104
49 3.30751e-98
49 1.73736e-103
49 3.08778e-99
49 3.03193e-98
49 4.35937e-98
49 3.08642e-99
49 2.7431e-99
49 7.22818e-97
49 1.98482e-98
49 2.806e-103
49 2.1511e-95
49 7.88455e-94
49 1.03112e-103
49 9.96282e-101
49 2.61733e-99
49 1.44324e-103
49 4.28662e-102
49 4.20267e-98
49 3.11065e-102
49 3.84962e-99
49 5.91289e-98
49 9.73232e-102
49 4.40843e-93
49 2.17032e-102
49 3.3529e-104
49 7.97471e-100
50 5.42913e-96
50 9.01961e-98
50 3.15555e-101
50 2.04855e-97
50 5.47007e-103
50 1.17439e-102
50 3.37644e-92
50 2.75536e-97
50 7.4144e-100
50 4.15982e-93
50 4.26555e-102
50 6.15145e-104
50 1.22862e-102
50 1.64293e-99
50 4.0596e-104
50 2.42248e-99
50 2.31546e-97
50 2.06195e-91
50 1.31915e-96
50 3.21468e-99
50 2.58686e-101
50 2.44241e-98
50 1.00572e-95
50 1.28745e-99
50 4.33452e-95
50 2.87195e-103
50 7.69075e-104
50 2.46551e-101
50 6.2605e-99
50 6.66924e-103
50 5.05771e-100
50 2.4474e-96
50 1.2036e-99
50 2.5302e-100
50 1.80706e-97
50 1.83393e-102
50 5.03075e-96
50 1.39293e-100
50 5.70223e-99
50 2.42102e-98
50 1.84155e-103
50 8.63494e-100
50 1.74359e-100
50 1.12825e-100
50 3.331e-100
50 1.44582e-98
50 5.9626e-101
50 6.52246e-100
50 2.8593e-103
50 1.43992e-98
51 3.65448e-103
51 1.8868e-101
51 1.70942e-97
51 7.678e-95
51 2.66573e-101
51 5.12584e-99
51 5.82646e-98
51 5.78388e-104
51 2.73182e-101
51 2.60477e-100
51 2.13131e-98
51 9.17008e-102
51 2.85749e-100
51 9.58659e-102
51 1.71936e-96
51 5.07469e-101
51 5.41662e-100
51 1.24581e-100
51 3.99217e-99
51 3.94943e-103
51 5.31622e-98
51 4.85669e-105
51 4.13245e-98
51 4.58787e-103
51 7.49172e-97
51 1.2548e-98
51 6.99851e-102
51 1.50096e-99
51 6.55071e-101
51 2.78871e-101
51 5.03996e-102
51 6.97246e-97
51 4.89893e-97
51 5.99827e-101
51 5.53551e-99
51 2.74629e-98
51 1.5673e-100
51 6.57341e-99
51 5.4647e-100
51 2.43548e-100
51 3.90036e-101
51 2.91474e-100
51 4.12349e-98
51 1.58224e-94
51 6.08552e-102
51 1.11728e-103
51 3.97702e-99
51 7.25341e-95
51 4.93514e-97
51 1.63244e-100
52 5.42427e-96
52 1.98477e-103
52 1.1029e-101
52 1.37404e-104
52 1.20945e-98
52 4.46357e-101
52 1.44478e-100
52 5.00606e-94
52 6.62033e-97
52 8.45492e-98
52 2.96573e-97
52 8.03296e-97
52 1.40972e-102
52 9.51484e-102
52 1.52199e-99
52 1.45643e-101
52 6.35647e-101
52 1.50189e-92
52 1.23374e-102
52 3.00198e-97
52 8.634e-102
52 2.33391e-95
52 4.19174e-98
52 1.7889e-98
52 5.60181e-99
52 2.22256e-96
52 5.48266e-105
52 4.23304e-104
52 3.77648e-105
52 1.8672e-104
52 5.65217e-103
52 7.46233e-97
52 2.72112e-102
52 3.97793e-98
52 1.61472e-102
52 1.63343e-101
52 7.8465e-101
52 3.17032e-92
52 1.19506e-94
52 5.01202e-96
52 2.01548e-103
52 3.27171e-98
52 5.15889e-100
52 3.04263e-100
52 7.81287e-96
52 1.35327e-97
52 4.40056e-103
52 5.37136e-99
52 3.56177e-95
52 3.37064e-101
53 1.88681e-102
53 3.55929e-99
53 3.76826e-103
53 6.35403e-103
53 2.42595e-103
53 8.69931e-101
53 1.52826e-98
53 2.0209e-100
53 1.50216e-97
53 2.77273e-97
53 6.00202e-100
53 2.35007e-104
53 1.34001e-103
53 7.34413e-102
53 7.43765e-99
53 1.87022e-101
53 4.6453e-101
53 1.02801e-94
53 6.10957e-104
53 2.54545e-93
53 3.05181e-100
53 3.61903e-97
53 1.12089e-100
53 2.81575e-100
53 2.49669e-96
53 4.45065e-98
53 3.36707e-98
53 1.42395e-95
53 8.94177e-101
53 1.93483e-98
53 4.28964e-102
53 1.06795e-102
53 2.91975e-97
53 1.6229e-96
53 3.74594e-99
53 6.80659e-96
53 3.51953e-101
53 3.65329e-97
53 8.50234e-99
53 1.95179e-99
53 1.53678e-97
53 1.86392e-101
53 2.59458e-100
53 1.14564e-99
53 1.01011e-101
53 3.01964e-95
53 4.3827e-100
53 2.63644e-94
53 5.97715e-94
53 7.76171e-101
54 2.56964e-100
54 8.18815e-99
54 6.01719e-101
54 8.32199e-100
54 1.95026e-102
54 7.76677e-101
54 5.84783e-94
54 4.04878e-97
54 7.68971e-101
54 9.08678e-104
54 1.25815e-105
54 9.98168e-104
54 2.98351e-97
54 5.6156e-102
54 9.38857e-100
54 2.04745e-99
54 2.91954e-101
54 2.88725e-105
54 2.96857e-104
54 2.83413e-95
54 5.88994e-99
54 5.15183e-101
54 3.09563e-106
54 3.42306e-96
54 1.17636e-99
54 1.45484e-94
54 1.27915e-99
54 1.38519e-96
54 2.91836e-102
54 2.76797e-102
54 4.89591e-99
54 6.26795e-101
54 3.13013e-100
54 1.27201e-97
54 4.36484e-97
54 2.68105e-103
54 2.60511e-99
54 6.15883e-97
54 3.72353e-99
54 3.22341e-98
54 3.07399e-101
54 1.11843e-100
54 1.04609e-103
54 5.7015e-102
54 9.2197e-100
54 1.85387e-98
54 6.61279e-96
54 1.43039e-101
54 2.63142e-97
54 3.45068e-97
55 6.16147e-101
55 1.3162e-99
55 1.96522e-102
55 2.33399e-98
55 1.16715e-97
55 7.48644e-97
55 7.24596e-104
55 5.79881e-101
55 2.07317e-102
55 1.27696e-97
55 7.98774e-97
55 1.62081e-99
55 2.9469e-99
55 2.04246e-99
55 2.13966e-101
55 4.01238e-102
55 1.65073e-98
55 8.55477e-101
55 4.22073e-98
55 4.74295e-101
55 7.55401e-99
55 4.25956e-98
55 4.88231e-102
55 5.13418e-98
55 4.38084e-95
55 1.2446e-101
55 3.46571e-100
55 2.75153e-103
55 2.59417e-101
55 4.28624e-102
55 1.14915e-100
55 8.76593e-102
55 5.26311e-97
55 2.5069e-93
55 8.09664e-97
55 1.40266e-96
55 3.35902e-98
55 8.53723e-98
55 4.62895e-94
55 2.08356e-103
55 6.0536e-104
55 3.86756e-100
55 5.88439e-103
55 2.45711e-99
55 1.4262e-95
55 1.64055e-98
55 1.62943e-98
55 5.37117e-99
55 5.73789e-101
55 4.65174e-97
56 1.21392e-98
56 8.29159e-98
56 4.90905e-94
56 2.8342e-96
56 9.85959e-96
56 3.43827e-98
56 3.0362e-101
56 4.52786e-96
56 8.7748e-98
56 3.48049e-100
56 1.16683e-97
56 6.70236e-104
56 1.98297e-100
56 8.58555e-101
56 1.86849e-93
56 2.69072e-99
56 1.01169e-100
56 1.74816e-98
56 1.86441e-97
56 1.18722e-107
56 2.79909e-103
56 1.27372e-95
56 1.12338e-95
56 1.11048e-99
56 5.95968e-100
56 6.14207e-100
56 8.17503e-99
56 1.84239e-98
56 9.38466e-95
56 4.23755e-92
56 2.80696e-103
56 1.1655e-101
56 1.92311e-93
56 8.70395e-102
56 7.68744e-96
56 9.32554e-100
56 6.75914e-93
56 3.65054e-101
56 5.45328e-103
56 9.41732e-100
56 7.82307e-99
56 1.67663e-98
56 4.3359e-96
56 9.39105e-102
56 1.46948e-99
56 2.71483e-101
56 5.8102e-101
56 2.16867e-101
56 2.51891e-96
56 5.67602e-101
57 1.96122e-96
57 1.41218e-104
57 7.15843e-99
57 1.13221e-99
57 9.2081e-104
57 5.37337e-100
57 5.77383e-103
57 1.07319e-103
57 9.78926e-103
57 7.08401e-99
57 4.73659e-99
57 1.83924e-99
57 2.21592e-97
57 1.11472e-92
57 2.67444e-100
57 3.08323e-103
57 1.93833e-99
57 6.11995e-98
57 5.61946e-98
57 3.26387e-102
57 1.58516e-100
57 4.06313e-102
57 4.70123e-104
57 2.70777e-96
57 1.21055e-101
57 1.01385e-98
57 1.00018e-100
57 2.00692e-94
57 4.16372e-100
57 1.45891e-102
57 2.03097e-98
57 2.62786e-102
57 6.17631e-102
57 2.43627e-102
57 2.35382e-105
57 1.94322e-101
57 3.4994e-99
57 2.41582e-99
57 7.12339e-104
57 6.19265e-102
57 4.87392e-96
57 1.67102e-100
57 3.21918e-98
57 5.05085e-98
57 7.87139e-102
57 4.25951e-100
57 1.52403e-96
57 1.31211e-93
57 4.19332e-101
57 9.10481e-106
58 4.29892e-101
58 3.74819e-100
58 1.08275e-93
58 7.72046e-100
58 5.73044e-99
58 1.74474e-97
58 3.37707e-100
58 3.97937e-101
58 4.23944e-99
58 1.89835e-102
58 6.40835e-98
58 1.25719e-99
58 4.14001e-95
58 1.41303e-99
58 7.37304e-100
58 2.19195e-100
58 1.41632e-101
58 1.79155e-98
58 2.77677e-100
58 6.51094e-102
58 5.52694e-98
58 3.26912e-92
58 1.04306e-100
58 2.96283e-97
58 1.63916e-98
58 1.57586e-98
58 1.15558e-100
58 2.32105e-102
58 9.48591e-98
58 4.79914e-103
58 2.30988e-99
58 1.24198e-99
58 1.50896e-100
58 1.0476e-101
58 5.25103e-98
58 2.82628e-100
58 6.78853e-99
58 2.82105e-100
58 1.76142e-103
58 4.14927e-104
58 2.39767e-95
58 1.0477e-100
58 5.6385e-102
58 3.64092e-98
58 1.20572e-97
58 2.59584e-99
58 1.23621e-102
58 6.75953e-101
58 6.15047e-97
58 2.69844e-98
59 1.33248e-97
59 2.08438e-97
59 1.05406e-99
59 6.06882e-99
59 4.30678e-99
59 9.44705e-103
59 5.57909e-101
59 2.19766e-98
59 2.58639e-101
59 2.9522e-99
59 7.79169e-98
59 2.01871e-97
59 1.93253e-98
59 1.12637e-103
59 5.83727e-97
59 5.75124e-102
59 3.23582e-97
59 1.08139e-97
59 1.91676e-96
59 4.11283e-98
59 3.93899e-100
59 9.00636e-98
59 7.77244e-95
59 1.37347e-101
59 3.69127e-102
59 6.31761e-103
59 5.56221e-93
59 5.06624e-101
59 6.62024e-97
59 7.20489e-99
59 6.98316e-100
59 6.39913e-101
59 9.02275e-98
59 1.35492e-98
59 6.79812e-100
59 4.08116e-103
59 3.87459e-102
59 1.19085e-98
59 3.7935e-102
59 6.45179e-102
59 1.3366e-98
59 4.02022e-95
59 3.08152e-100
59 1.38241e-99
59 2.28872e-101
59 6.94422e-98
59 5.50616e-102
59 4.98089e-102
59 7.57541e-100
59 9.0618e-105
60 6.1692e-100
60 6.17339e-101
60 4.72437e-100
60 1.64701e-100
60 4.23185e-101
60 1.20492e-98
60 1.22688e-102
60 7.02577e-102
60 1.51881e-99
60 2.00004e-99
60 2.31011e-102
60 3.77315e-97
60 9.30301e-102
60 1.00802e-95
60 3.03368e-94
60 9.53289e-101
60 6.40154e-97
60 1.63222e-102
60 7.23364e-103
60 7.17625e-102
60 8.84526e-105
60 3.69474e-105
60 1.2479e-96
60 1.00461e-104
60 1.37838e-98
60 4.48565e-94
60 7.0501e-102
60 1.05937e-100
60 3.17218e-101
60 8.53831e-93
60 3.28283e-100
60 1.4462e-96
60 1.14089e-98
60 7.99087e-98
60 2.64943e-100
60 4.76805e-101
60 4.46569e-103
60 1.6459e-100
60 1.03756e-98
60 4.56614e-104
60 3.75862e-101
60 2.80846e-99
60 1.16e-100
60 1.57414e-101
60 2.48654e-97
60 4.63481e-101
60 4.81495e-102
60 2.1013e-103
60 2.08442e-98
60 1.04676e-96
61 3.3352e-100
61 1.3486e-96
61 1.22415e-101
61 1.23264e-101
61 2.68517e-99
61 6.54959e-101
61 6.03074e-95
61 3.93892e-102
61 3.21855e-101
61 2.2081e-95
61 2.08134e-101
61 7.39911e-100
61 1.86485e-96
61 1.88176e-100
61 4.19433e-95
61 1.8154e-102
61 2.10477e-98
61 4.64096e-101
61 1.02129e-99
61 1.06958e-96
61 8.97106e-99
61 2.92133e-98
61 5.82978e-104
61 3.88515e-97
61 6.14485e-100
61 1.02141e-93
61 4.19672e-99
61 1.21892e-99
61 2.70904e-98
61 6.11025e-104
61 6.10451e-100
61 3.31343e-97
61 1.53408e-104
61 4.08512e-100
61 9.11378e-96
61 3.27061e-102
61 2.02024e-93
61 1.451e-100
61 1.15097e-103
61 2.17594e-97
61 6.72821e-99
61 1.45539e-103
61 3.15283e-99
61 1.68304e-100
61 3.88652e-100
61 1.15594e-95
61 3.33943e-102
61 7.03882e-102
61 2.2934e-104
61 2.9633e-101
62 4.83724e-105
62 3.86934e-100
62 1.84314e-99
62 3.39061e-102
62 8.20416e-97
62 3.60827e-95
62 1.81325e-96
62 1.91242e-95
62 7.916e-98
62 5.14244e-107
62 4.58387e-90
62 3.72792e-100
62 1.10842e-99
62 2.22587e-97
62 9.68097e-98
62 3.93081e-103
62 8.12534e-99
62 3.05451e-102
62 4.15168e-102
62 1.30631e-104
62 2.29711e-98
62 6.94197e-101
62 3.45411e-105
62 3.82702e-98
62 1.93266e-100
62 2.73566e-97
62 1.11436e-102
62 5.73703e-100
62 2.44265e-98
62 1.88109e-102
62 5.77146e-100
62 1.44729e-103
62 4.50538e-95
62 2.22923e-98
62 1.72489e-103
62 3.31532e-99
62 2.53788e-103
62 8.57724e-94
62 3.01122e-95
62 7.19716e-94
62 9.39347e-103
62 1.10346e-98
62 1.64044e-98
62 4.58356e-104
62 5.39323e-103
62 8.50671e-99
62 1.96815e-101
62 6.8068e-94
62 3.20311e-99
62 2.84548e-100
63 6.47713e-101
63 2.06515e-99
63 2.16179e-101
63 3.53096e-101
63 2.4796e-102
63 1.76324e-100
63 1.12245e-96
63 2.52142e-94
63 1.78096e-101
63 3.63203e-101
63 2.67308e-101
63 4.57536e-93
63 2.65836e-101
63 2.83234e-100
63 2.16374e-100
63 7.63615e-101
63 8.25961e-100
63 4.62319e-95
63 2.01441e-97
63 2.36027e-97
63 3.61429e-102
63 3.01851e-99
63 1.09265e-99
63 3.93527e-97
63 3.90206e-93
63 3.43204e-96
63 1.03848e-100
63 2.53754e-99
63 7.54131e-99
63 2.38896e-97
63 1.83627e-103
63 8.64375e-97
63 9.6974e-95
63 1.10761e-101
63 1.50729e-100
63 4.41336e-96
63 4.00894e-100
63 1.14209e-101
63 4.89952e-103
63 2.46776e-99
63 3.12962e-101
63 3.958e-97
63 1.65177e-100
63 5.04759e-99
63 9.84554e-102
63 2.29328e-105
63 1.42444e-98
63 5.97221e-99
63 9.26704e-102
63 1.18327e-99
64 9.62564e-102
64 2.13242e-102
64 5.91018e-103
64 2.38127e-102
64 4.59018e-101
64 3.15451e-98
64 3.51902e-99
64 4.46856e-97
64 6.64583e-98
64 1.06777e-101
64 8.48896e-105
64 1.90569e-99
64 1.19973e-101
64 5.50506e-101
64 5.15236e-102
64 1.89689e-101
64 9.63218e-102
64 6.02452e-101
64 9.37552e-101
64 9.14211e-101
64 7.20739e-99
64 2.17629e-104
64 9.41637e-100
64 3.70009e-98
64 8.40298e-102
64 5.12777e-101
64 1.8033e-101
64 1.44386e-104
64 5.76966e-97
64 3.23205e-101
64 4.91449e-95
64 4.73622e-101
64 1.93518e-100
64 1.87528e-102
64 2.30952e-105
64 3.16955e-98
64 2.41582e-96
64 2.09971e-101
64 2.73964e-101
64 1.96616e-98
64 2.67165e-99
64 6.51857e-97
64 3.42847e-104
64 2.38441e-102
64 1.01359e-99
64 7.9296e-104
64 4.17096e-97
64 3.14285e-101
64 3.68776e-102
64 1.94241e-96
65 7.05718e-101
65 9.47998e-103
65 1.10091e-100
65 1.68251e-102
65 1.0466e-93
65 3.68793e-98
65 1.1282e-98
65 5.43652e-102
65 1.80881e-103
65 2.42492e-98
65 2.78256e-102
65 1.57871e-103
65 6.7347e-103
65 1.11306e-96
65 3.30096e-97
65 5.49446e-99
65 8.90374e-100
65 8.6925e-103
65 1.76513e-98
65 2.24045e-104
65 2.68979e-100
65 3.43979e-97
65 3.07498e-102
65 7.004e-100
65 5.49472e-98
65 1.40263e-102
65 3.00778e-97
65 2.37244e-100
65 2.28558e-100
65 4.88709e-101
65 4.76451e-103
65 6.3969e-104
65 2.39071e-97
65 8.24939e-100
65 6.92877e-96
65 1.3785e-100
65 6.38866e-100
65 2.36003e-102
65 1.4171e-95
65 2.87867e-93
65 1.79115e-98
65 9.38261e-101
65 4.48455e-98
65 2.92947e-100
65 4.39219e-100
65 2.24036e-100
65 4.05345e-100
65 3.97059e-104
65 1.92553e-99
65 2.03543e-102
66 8.0889e-103
66 1.36032e-96
66 5.51051e-96
66 3.70742e-98
66 8.17327e-95
66 7.66366e-105
66 5.93193e-93
66 4.27675e-103
66 1.77901e-99
66 7.56884e-101
66 2.61409e-97
66 5.2527e-103
66 2.20254e-102
66 9.34161e-98
66 9.70489e-99
66 1.50216e-98
66 2.13552e-103
66 4.63343e-95
66 3.01168e-102
66 4.62789e-102
66 1.1254e-99
66 1.28294e-98
66 7.62568e-100
66 1.50734e-96
66 1.1932e-96
66 1.40409e-101
66 6.97626e-100
66 5.62601e-101
66 1.33434e-97
66 6.90237e-100
66 9.266e-102
66 1.58027e-97
66 4.86041e-97
66 5.52759e-93
66 4.09839e-100
66 9.39263e-102
66 6.85158e-93
66 4.09736e-98
66 2.09009e-103
66 1.16027e-97
66 2.91502e-98
66 7.38355e-97
66 2.08385e-102
66 2.25645e-98
66 3.24786e-99
66 8.54776e-99
66 3.00087e-96
66 8.6664e-102
66 1.12137e-102
66 6.67433e-101
67 1.11595e-102
67 3.08464e-96
67 1.57481e-92
67 5.12775e-96
67 5.95635e-98
67 1.17581e-101
67 1.40304e-100
67 1.41854e-101
67 6.0749e-104
67 6.33129e-101
67 4.99406e-103
67 1.05799e-98
67 1.05157e-102
67 2.49631e-100
67 6.82828e-101
67 6.77769e-99
67 1.32503e-96
67 5.54529e-100
67 3.53682e-105
67 2.0205e-103
67 1.34883e-97
67 1.62127e-99
67 7.51314e-102
67 8.14601e-103
67 2.7044e-98
67 5.31542e-101
67 3.1181e-99
67 1.56164e-97
67 7.04962e-93
67 4.33081e-99
67 3.46038e-99
67 6.92539e-98
67 2.39177e-94
67 2.42723e-98
67 7.48127e-99
67 4.365e-101
67 4.71324e-104
67 3.97812e-94
67 1.06725e-94
67 4.38739e-98
67 3.46288e-97
67 1.62063e-97
67 1.19479e-96
67 9.23722e-106
67 2.60516e-103
67 2.5832e-97
67 2.37475e-100
67 2.97591e-102
67 5.38283e-99
67 7.32165e-100
68 3.29841e-100
68 7.7865e-99
68 2.93294e-98
68 2.66973e-101
68 5.32105e-101
68 1.98489e-102
68 5.67537e-102
68 1.27639e-92
68 9.20498e-99
68 1.12203e-99
68 6.3486e-97
68 4.07364e-101
68 1.45776e-98
68 2.0749e-95
68 7.69817e-104
68 1.45333e-103
68 2.39163e-98
68 2.17075e-101
68 1.49391e-100
68 2.15593e-97
68 6.022e-102
68 8.99504e-99
68 8.94283e-97
68 5.70606e-97
68 2.16837e-95
68 1.73809e-101
68 9.95039e-100
68 2.9437e-92
68 1.44518e-101
68 1.30723e-99
68 3.56382e-99
68 1.29177e-98
68 2.59063e-98
68 6.54953e-103
68 1.32193e-95
68 1.07028e-98
68 3.30132e-98
68 8.69804e-105
68 1.06928e-100
68 1.46775e-101
68 2.89765e-101
68 5.52352e-100
68 3.4587e-103
68 1.92844e-99
68 1.61111e-101
68 1.6534e-97
68 1.23879e-97
68 3.07951e-99
68 3.86072e-100
68 2.95186e-101
69 1.8571e-99
69 1.43006e-103
69 2.31373e-96
69 1.6132e-97
69 4.70389e-104
69 2.12015e-96
69 8.08788e-101
69 1.65589e-103
69 2.80797e-100
69 1.44047e-101
69 2.57459e-100
69 3.86631e-97
69 2.46507e-100
69 1.73266e-99
69 3.80027e-97
69 5.95968e-101
69 1.83106e-99
69 2.75779e-97
69 1.16506e-97
69 8.62482e-98
69 1.01509e-97
69 3.17837e-104
69 1.60113e-97
69 1.64491e-101
69 2.07237e-100
69 3.61004e-98
69 8.79869e-100
69 1.58419e-103
69 7.14588e-99
69 2.65222e-100
69 8.25144e-103
69 2.58068e-102
69 3.38591e-100
69 1.03759e-100
69 4.26913e-105
69 1.9483e-101
69 1.76267e-98
69 4.69862e-97
69 5.2807e-100
69 2.20538e-101
69 1.37935e-94
69 7.21065e-100
69 1.2117e-100
69 8.48987e-98
69 4.16033e-96
69 1.09749e-95
69 3.81031e-102
69 8.12403e-106
69 3.61682e-99
69 4.63495e-99
70 7.73503e-103
70 2.14433e-98
70 8.48375e-101
70 8.25371e-99
70 6.29191e-98
70 6.87098e-106
70 1.23185e-100
70 1.88635e-97
70 2.65785e-100
70 4.56954e-100
70 4.21566e-100
70 1.2559e-105
70 2.241e-99
70 1.72233e-103
70 3.3768e-101
70 2.44207e-98
70 4.09517e-101
70 2.25903e-103
70 2.45976e-97
70 4.6977e-99
70 2.23063e-101
70 4.24841e-99
70 5.2651e-101
70 1.84297e-96
70 3.07408e-98
70 1.47173e-95
70 2.19755e-104
70 2.68933e-99
70 1.85571e-100
70 2.19524e-105
70 4.38472e-106
70 8.44485e-100
70 9.22864e-102
70 1.11642e-98
70 2.4806e-99
70 7.75373e-103
70 6.44437e-101
70 4.52348e-104
70 4.41635e-94
70 1.22725e-98
70 1.88976e-99
70 5.42493e-101
70 8.88413e-100
70 7.14973e-100
70 2.93665e-102
70 1.14415e-98
70 2.9423e-103
70 8.01852e-96
70 6.01509e-99
70 5.27242e-104
71 1.9944e-102
71 9.02942e-100
71 1.26723e-95
71 7.91698e-102
71 1.73392e-95
71 8.85091e-94
71 6.89452e-98
71 7.07354e-99
71 5.79779e-100
71 9.49051e-99
71 1.29202e-96
71 5.24216e-99
71 9.42392e-103
71 2.76846e-99
71 7.10684e-102
71 1.28057e-96
71 8.23101e-99
71 1.50947e-95
71 7.09596e-99
71 5.52223e-101
71 2.44335e-97
71 2.61058e-102
71 1.53322e-94
71 1.04775e-101
71 4.01023e-101
71 6.33051e-102
71 1.01768e-102
71 2.48179e-101
71 2.12179e-99
71 6.0218e-104
71 5.3495e-98
71 1.1594e-96
71 5.18527e-97
71 1.37112e-98
71 9.21853e-99
71 1.33324e-99
71 9.81644e-99
71 3.20697e-103
71 6.33845e-103
71 1.81054e-94
71 1.83297e-100
71 3.88416e-96
71 1.22959e-97
71 5.88631e-100
71 7.11657e-103
71 2.1892e-101
71 3.60546e-97
71 1.81304e-99
71 1.55225e-93
71 4.10167e-101
72 3.37095e-99
72 7.5642e-99
72 2.31928e-96
72 2.55361e-101
72 1.9523e-99
72 4.24258e-98
72 2.76269e-103
72 8.75506e-102
72 7.86539e-100
72 1.63277e-96
72 1.09319e-102
72 2.41909e-94
72 1.99101e-97
72 5.00032e-102
72 1.87972e-89
72 8.41049e-102
72 1.98404e-101
72 1.55527e-95
72 4.9392e-102
72 1.07544e-100
72 1.01954e-98
72 1.41084e-96
72 2.51599e-94
72 3.74245e-101
72 8.30298e-99
72 8.15343e-101
72 1.08192e-103
72 1.6605e-96
72 1.78459e-103
72 6.43792e-101
72 2.06014e-99
72 1.14032e-102
72 3.41242e-101
72 4.2187e-100
72 1.03596e-97
72 1.3336e-98
72 1.228e-103
72 1.1376e-102
72 1.4634e-102
72 6.92874e-100
72 1.16267e-97
72 2.73794e-102
72 6.21154e-97
72 1.24609e-93
72 7.77946e-97
72 2.18563e-101
72 4.80665e-97
72 1.70225e-104
72 1.04561e-100
72 2.66441e-96
73 8.39682e-99
73 4.19897e-101
73 6.12942e-101
73 1.35884e-100
73 4.26915e-101
73 4.37475e-97
73 2.57896e-95
73 2.53664e-98
73 5.86659e-102
73 2.21323e-95
73 7.69995e-98
73 4.71628e-101
73 1.09935e-98
73 4.08515e-97
73 9.99079e-105
73 2.70242e-102
73 8.12807e-104
73 3.29347e-102
73 2.66329e-98
73 9.64771e-99
73 5.40626e-95
73 1.6464e-98
73 1.7129e-103
73 1.3555e-97
73 6.1492e-101
73 2.42721e-103
73 9.80161e-98
73 1.64722e-99
73 1.5042e-96
73 1.3826e-99
73 9.99614e-101
73 2.68298e-98
73 7.01203e-104
73 2.26933e-99
73 4.32612e-100
73 2.61361e-98
73 1.78802e-105
73 4.58206e-103
73 1.77302e-96
73 6.60197e-101
73 1.85404e-94
73 1.03595e-102
73 1.14478e-99
73 7.49813e-101
73 5.19987e-100
73 1.24256e-101
73 6.91199e-101
73 1.19982e-102
73 1.84947e-98
73 5.40759e-98
74 4.75543e-96
74 8.02378e-101
74 1.34386e-95
74 3.84684e-101
74 2.62454e-99
74 6.90572e-95
74 2.45188e-99
74 1.41461e-102
74 2.19367e-101
74 5.22683e-100
74 7.02477e-102
74 1.45767e-98
74 1.87344e-95
74 4.36061e-93
74 5.85579e-98
74 2.01003e-99
74 1.72241e-94
74 1.18085e-103
74 7.04624e-101
74 7.92519e-95
74 2.34706e-98
74 2.48211e-101
74 1.20473e-95
74 5.58145e-101
74 7.33977e-99
74 1.61411e-95
74 6.24162e-100
74 1.68269e-100
74 2.52449e-99
74 1.66156e-100
74 2.6616e-95
74 6.91327e-101
74 1.04894e-101
74 4.3476e-101
74 2.28565e-97
74 1.70528e-100
74 1.1373e-100
74 2.29756e-100
74 2.1537e-104
74 5.84372e-92
74 2.52217e-98
74 2.30721e-96
74 2.66786e-98
74 1.96515e-98
74 3.34783e-95
74 3.33146e-101
74 1.19467e-104
74 9.1647e-99
74 3.77074e-103
74 9.20801e-98
75 4.43916e-99
75 2.65898e-99
75 8.43003e-101
75 1.2148e-97
75 6.17379e-100
75 1.05774e-98
75 3.4481e-99
75 2.11801e-98
75 6.54504e-102
75 1.97822e-98
75 2.98361e-98
75 1.22504e-99
75 6.43999e-100
75 2.12269e-97
75 1.1435e-96
75 4.3796e-102
75 7.54747e-101
75 7.60288e-101
75 7.39724e-95
75 1.46341e-97
75 2.61027e-98
75 7.6357e-105
75 5.12541e-99
75 3.01382e-100
75 3.72098e-101
75 1.38781e-96
75 7.11758e-102
75 2.99687e-96
75 2.96429e-99
75 1.58331e-96
75 6.7634e-103
75 1.23583e-94
75 1.16727e-98
75 5.70551e-100
75 4.83393e-101
75 2.30235e-96
75 5.36234e-101
75 1.80809e-98
75 1.00019e-97
75 9.01183e-99
75 4.46664e-102
75 2.56872e-98
75 6.34989e-103
75 1.24854e-96
75 9.36701e-102
75 4.74876e-99
75 2.89823e-101
75 2.93577e-100
75 3.08196e-99
75 1.2128e-99
76 1.74292e-97
76 4.2383e-97
76 4.5664e-99
76 2.56472e-97
76 3.19755e-100
76 2.13624e-90
76 2.54674e-96
76 1.40004e-98
76 1.1457e-101
76 3.85954e-98
76 2.94372e-101
76 1.27816e-96
76 2.1089e-100
76 6.68776e-92
76 3.96239e-99
76 2.02648e-99
76 3.03625e-101
76 6.43425e-101
76 1.09547e-98
76 6.45355e-102
76 1.31795e-101
76 4.26482e-103
76 1.78036e-97
76 1.3744e-100
76 1.312e-102
76 3.32655e-98
76 4.32196e-95
76 1.34918e-99
76 8.64551e-99
76 2.66311e-100
76 1.24228e-101
76 2.26797e-100
76 2.905e-97
76 5.80585e-98
76 1.97331e-94
76 1.1494e-99
76 4.78038e-96
76 9.20089e-103
76 1.36651e-101
76 5.49772e-100
76 4.97514e-97
76 4.15355e-99
76 9.83021e-102
76 3.16606e-100
76 3.75776e-101
76 4.03704e-101
76 8.04473e-98
76 1.81043e-101
76 5.21261e-103
76 9.32659e-100
77 2.56899e-93
77 4.54537e-96
77 2.52537e-98
77 2.81217e-100
77 1.21691e-102
77 1.20189e-99
77 4.15962e-98
77 1.4992e-101
77 1.20069e-101
77 5.49237e-102
77 8.41767e-99
77 5.21236e-99
77 2.1183e-99
77 6.69096e-98
77 8.46089e-102
77 9.63527e-105
77 1.08547e-101
77 3.48473e-98
77 8.7897e-100
77 1.81652e-101
77 2.76044e-97
77 4.60598e-101
77 1.83674e-105
77 8.74449e-103
77 1.75073e-94
77 1.34152e-98
77 9.55691e-93
77 4.01662e-100
77 2.23584e-101
77 2.42256e-96
77 1.33796e-101
77 1.44756e-97
77 8.63271e-101
77 2.12774e-101
77 4.30473e-100
77 1.83124e-100
77 2.21413e-99
77 1.0933e-99
77 2.74854e-98
77 4.92439e-100
77 9.31886e-99
77 1.03935e-96
77 1.46551e-101
77 1.99073e-102
77 8.35867e-104
77 1.00143e-99
77 1.12048e-97
77 2.98362e-99
77 2.38814e-97
77 2.4262e-100
78 7.76444e-104
78 1.36488e-100
78 2.82567e-101
78 1.44691e-102
78 3.35653e-100
78 1.19341e-99
78 1.12567e-99
78 1.66543e-97
78 3.44047e-100
78 2.52781e-103
78 9.02261e-100
78 1.43043e-103
78 1.5506e-96
78 3.09732e-105
78 7.82691e-97
78 1.12423e-102
78 1.24756e-104
78 1.88093e-101
78 4.49481e-101
78 1.67117e-96
78 5.29695e-99
78 1.69142e-96
78 1.81543e-102
78 4.20704e-96
78 1.55393e-99
78 2.99298e-100
78 2.53359e-95
78 3.35326e-97
78 1.2393e-97
78 1.06921e-98
78 3.19292e-94
78 1.20164e-101
78 1.8899e-97
78 7.2292e-93
78 3.21187e-102
78 2.47407e-101
78 2.95737e-103
78 4.02769e-101
78 1.20772e-101
78 3.26315e-101
78 8.4937e-97
78 6.26533e-95
78 6.68444e-99
78 8.71407e-99
78 1.53119e-102
78 4.22002e-99
78 3.50824e-100
78 1.61077e-101
78 2.25803e-96
78 4.04844e-102
79 1.09927e-98
79 3.39646e-98
79 4.65994e-103
79 4.07067e-95
79 6.89193e-98
79 3.96893e-103
79 1.33561e-99
79 3.04657e-102
79 2.59023e-96
79 2.1195e-98
79 3.88399e-102
79 4.27648e-100
79 2.02525e-102
79 4.2189e-102
79 9.43264e-95
79 8.20057e-100
79 3.98271e-99
79 2.69154e-93
79 9.00958e-102
79 2.29339e-100
79 4.35467e-96
79 2.16736e-104
79 8.97041e-102
79 2.94994e-105
79 3.36725e-93
79 3.06466e-100
79 8.15505e-101
79 1.15506e-102
79 4.88417e-99
79 1.05045e-98
79 1.08547e-96
79 2.2283e-102
79 1.08029e-101
79 5.28534e-97
79 2.53636e-101
79 1.48158e-101
79 3.92061e-96
79 4.94419e-103
79 5.9294e-100
79 5.65656e-98
79 6.59648e-100
79 3.34754e-101
79 1.8332e-104
79 7.25771e-102
79 3.71209e-104
79 1.30031e-100
79 3.15052e-100
79 3.33956e-94
79 2.05173e-98
79 6.69302e-104
80 2.56272e-100
80 1.96512e-98
80 7.61415e-98
80 2.77342e-100
80 8.2471e-101
80 7.16173e-100
80 2.06576e-101
80 2.37335e-100
80 4.15034e-93
80 7.8981e-104
80 1.13799e-103
80 5.46183e-98
80 2.84542e-96
80 1.48205e-95
80 5.88114e-97
80 2.22641e-97
80 6.56766e-102
80 2.18138e-102
80 1.44296e-99
80 3.73308e-102
80 1.39484e-100
80 2.48445e-103
80 1.45276e-99
80 8.36774e-99
80 2.72673e-100
80 1.27475e-98
80 6.60297e-95
80 6.36112e-96
80 8.19305e-96
80 1.37222e-97
80 1.62694e-96
80 3.30622e-99
80 4.7691e-99
80 2.31849e-96
80 3.32991e-99
80 8.63575e-99
80 1.43583e-97
80 1.4198e-95
80 6.84361e-96
80 1.30868e-102
80 5.14442e-102
80 1.13326e-101
80 4.87081e-96
80 5.19786e-102
80 1.09566e-92
80 2.47625e-97
80 6.65563e-101
80 6.30895e-96
80 3.3169e-100
80 1.49807e-100
81 1.42353e-100
81 8.27581e-95
81 1.92668e-101
81 6.28696e-96
81 1.35688e-98
81 3.67259e-101
81 1.82739e-100
81 3.27489e-100
81 1.33331e-100
81 3.76753e-99
81 2.58981e-99
81 2.70536e-99
81 1.24286e-103
81 6.41984e-96
81 1.24162e-98
81 8.13011e-103
81 2.03166e-96
81 2.01023e-100
81 1.07038e-100
81 1.64602e-100
81 3.49884e-99
81 7.57841e-100
81 9.82429e-103
81 6.12749e-102
81 7.28665e-99
81 6.50971e-97
81 9.24849e-98
81 2.0338e-102
81 2.11332e-98
81 8.65175e-100
81 3.67328e-101
81 8.02656e-97
81 8.71405e-96
81 4.44613e-103
81 8.85673e-103
81 8.63406e-101
81 3.09125e-97
81 1.62929e-100
81 2.55181e-98
81 5.62073e-100
81 1.13723e-100
81 7.57524e-101
81 8.418e-100
81 7.05431e-102
81 1.38094e-102
81 3.38188e-101
81 1.67651e-97
81 5.82438e-102
81 8.23886e-99
81 6.48892e-96
82 2.64067e-99
82 6.50016e-103
82 7.74501e-103
82 4.75963e-100
82 9.78493e-103
82 2.33805e-95
82 7.13453e-104
82 1.87992e-99
82 6.16864e-105
82 1.43686e-101
82 2.65489e-100
82 1.38507e-104
82 5.36313e-97
82 4.57519e-100
82 1.85794e-96
82 8.81068e-100
82 3.32099e-102
82 3.09748e-96
82 3.17313e-103
82 1.42411e-99
82 4.20379e-94
82 4.35323e-101
82 1.71058e-102
82 1.41878e-100
82 4.14949e-100
82 1.33088e-102
82 3.20482e-100
82 9.94694e-100
82 3.8096e-98
82 1.06115e-100
82 1.17608e-101
82 4.09128e-99
82 3.0702e-98
82 1.72957e-100
82 6.61312e-97
82 1.51879e-103
82 6.0917e-100
82 1.08495e-100
82 3.79175e-101
82 2.69826e-101
82 5.2192e-98
82 2.48299e-101
82 1.90986e-96
82 3.71006e-99
82 4.82197e-102
82 7.70204e-103
82 3.04249e-101
82 2.31844e-103
82 3.57811e-100
82 6.54055e-99
83 2.62273e-98
83 1.27717e-101
83 4.22484e-100
83 1.91256e-96
83 4.77226e-94
83 3.60734e-96
83 1.8848e-96
83 1.2909e-103
83 4.28203e-96
83 9.63408e-100
83 4.9458e-100
83 6.9354e-97
83 1.08259e-96
83 7.01251e-95
83 5.87967e-101
83 2.00092e-99
83 7.89379e-103
83 1.96919e-98
83 8.39981e-99
83 4.0094e-100
83 1.39938e-95
83 2.95321e-101
83 1.16054e-95
83 1.25045e-100
83 4.88325e-100
83 6.95418e-100
83 1.78019e-102
83 5.6098e-100
83 2.36585e-100
83 5.38432e-98
83 3.13794e-102
83 6.7443e-104
83 3.58303e-102
83 4.00053e-101
83 7.60771e-101
83 1.31273e-99
83 1.30966e-99
83 3.91286e-99
83 2.85472e-101
83 5.49675e-98
83 2.33097e-98
83 8.40115e-99
83 3.43005e-102
83 3.17575e-96
83 5.51642e-94
83 1.57188e-100
83 2.45738e-98
83 1.13626e-104
83 1.35613e-100
83 4.21001e-101
84 2.8963e-100
84 1.12153e-99
84 5.08772e-102
84 3.63773e-96
84 7.99255e-100
84 1.43175e-97
84 9.87727e-102
84 1.21332e-96
84 6.34627e-101
84 1.10194e-100
84 9.18533e-105
84 5.58563e-99
84 1.73666e-98
84 1.19959e-100
84 2.73507e-102
84 1.91713e-103
84 9.99678e-96
84 1.24513e-105
84 1.063e-93
84 1.23193e-98
84 4.15909e-99
84 1.11546e-98
84 1.12773e-95
84 1.21052e-94
84 4.71753e-98
84 4.81124e-101
84 4.15587e-97
84 5.08641e-98
84 2.19029e-98
84 6.51073e-95
84 2.0915e-104
84 1.26983e-100
84 9.83541e-102
84 3.87583e-99
84 1.03842e-98
84 7.5925e-100
84 7.02309e-102
84 5.13701e-98
84 1.3456e-102
84 1.16767e-96
84 5.74227e-98
84 7.89444e-100
84 3.73523e-98
84 2.49175e-91
84 2.59501e-101
84 2.39331e-103
84 7.8705e-94
84 1.99859e-102
84 1.45888e-103
84 5.3902e-97
85 3.29874e-100
85 1.18576e-102
85 4.13691e-95
85 1.80997e-95
85 1.1015e-101
85 2.86701e-102
85 1.7041e-97
85 7.12885e-101
85 1.01076e-100
85 1.12124e-95
85 2.04534e-99
85 6.32754e-98
85 4.25614e-98
85 6.07417e-97
85 3.05085e-99
85 6.77134e-95
85 6.39203e-102
85 9.04026e-101
85 4.36372e-94
85 6.73987e-98
85 3.613e-100
85 9.03341e-99
85 5.90431e-101
85 2.71707e-101
85 1.52376e-103
85 3.06646e-99
85 5.58907e-98
85 6.5512e-97
85 2.32913e-99
85 6.30596e-101
85 8.03317e-101
85 1.89579e-102
85 5.5693e-99
85 1.32219e-101
85 5.13744e-97
85 4.45306e-100
85 1.72159e-101
85 5.18119e-97
85 2.13508e-96
85 4.51025e-98
85 1.99331e-96
85 4.06472e-101
85 1.71377e-103
85 2.87346e-101
85 8.62935e-103
85 5.19025e-98
85 7.53412e-98
85 7.06091e-99
85 8.3682e-102
85 8.97186e-101
86 2.48712e-101
86 4.39814e-96
86 4.07044e-106
86 1.00176e-97
86 4.49068e-99
86 1.19621e-99
86 1.79705e-103
86 5.92829e-99
86 5.50315e-104
86 7.94714e-100
86 6.14689e-105
86 1.22899e-100
86 1.88781e-99
86 5.71782e-102
86 7.48824e-95
86 2.85871e-102
86 1.61945e-99
86 1.09867e-100
86 8.52643e-102
86 2.04455e-94
86 7.54992e-100
86 1.62516e-99
86 2.44942e-94
86 1.21117e-101
86 4.2153e-100
86 1.33365e-103
86 6.61234e-97
86 4.08953e-96
86 2.33144e-105
86 8.21495e-103
86 1.72763e-104
86 6.25069e-105
86 8.29145e-104
86 1.63828e-97
86 8.16958e-99
86 2.01947e-94
86 1.80702e-105
86 7.48249e-101
86 1.53235e-93
86 5.15439e-102
86 2.83434e-95
86 1.84823e-96
86 1.25371e-101
86 1.83185e-101
86 1.82976e-101
86 2.69096e-98
86 4.29737e-98
86 4.91134e-98
86 9.2703e-99
86 2.75562e-96
87 7.57142e-105
87 2.14247e-103
87 2.73624e-97
87 4.77927e-97
87 8.2294e-101
87 1.23268e-102
87 4.30354e-99
87 2.16443e-95
87 2.95061e-99
87 7.15574e-105
87 4.06533e-98
87 3.62975e-97
87 1.87546e-93
87 5.46935e-102
87 1.76929e-100
87 3.70507e-105
87 2.67134e-101
87 2.81748e-99
87 3.01038e-93
87 2.71775e-100
87 1.78097e-102
87 4.12208e-97
87 1.40905e-97
87 1.65869e-96
87 1.30259e-102
87 1.43704e-97
87 2.08694e-101
87 3.05407e-97
87 8.05062e-101
87 2.9115e-99
87 9.64043e-102
87 1.03828e-95
87 1.4693e-96
87 1.09226e-100
87 2.46531e-96
87 2.1584e-102
87 4.72373e-100
87 2.02843e-103
87 6.3658e-98
87 1.44724e-100
87 2.1379e-95
87 1.16245e-103
87 1.11591e-98
87 8.38879e-100
87 3.5242e-100
87 1.1416e-97
87 3.71723e-94
87 6.50252e-104
87 1.65643e-101
87 3.0766e-100
88 5.43929e-103
88 1.47304e-97
88 1.05695e-95
88 8.0431e-100
88 2.32234e-98
88 3.42362e-99
88 2.10607e-93
88 8.75917e-98
88 2.07397e-97
88 2.89575e-98
88 8.13059e-100
88 9.93605e-101
88 1.21949e-97
88 1.75081e-96
88 1.47956e-96
88 6.92166e-101
88 1.61628e-103
88 2.27388e-99
88 1.54524e-102
88 5.03454e-98
88 2.3208e-99
88 7.41878e-100
88 3.53076e-102
88 5.78493e-104
88 4.61764e-100
88 1.17442e-98
88 1.3295e-101
88 2.1684e-99
88 2.27134e-98
88 4.14955e-100
88 7.04046e-104
88 2.18616e-103
88 9.09908e-98
88 2.50421e-94
88 2.42858e-102
88 1.9678e-98
88 6.08358e-102
88 1.07551e-100
88 1.57204e-99
88 9.96942e-95
88 5.8485e-97
88 4.73769e-100
88 2.11031e-92
88 5.46483e-101
88 3.15611e-104
88 1.50995e-102
88 3.23855e-103
88 1.99795e-95
88 2.7514e-100
88 1.5292e-96
89 2.5229e-95
89 9.96758e-98
89 1.09977e-95
89 4.61333e-100
89 1.79296e-100
89 7.00708e-99
89 1.54962e-101
89 2.76801e-98
89 1.75663e-100
89 2.45979e-97
89 2.6269e-101
89 3.84458e-99
89 9.40764e-103
89 4.65836e-102
89 9.76548e-101
89 5.22781e-100
89 3.16636e-99
89 1.60459e-98
89 9.6461e-101
89 2.3926e-102
89 1.54754e-107
89 3.84367e-103
89 1.60069e-98
89 4.03343e-99
89 7.80545e-103
89 3.4864e-96
89 1.50357e-100
89 1.04317e-100
89 4.13381e-101
89 4.44972e-103
89 2.23123e-103
89 6.16649e-96
89 1.40593e-100
89 1.723e-96
89 8.98408e-102
89 1.46223e-97
89 1.49488e-97
89 6.04043e-95
89 1.62831e-97
89 9.22929e-101
89 6.2433e-102
89 6.79481e-102
89 3.10409e-94
89 1.33765e-102
89 1.21157e-94
89 4.23797e-102
89 1.09665e-101
89 1.25619e-95
89 2.51104e-96
89 4.56065e-99
90 5.96358e-99
90 9.09053e-103
90 2.04713e-95
90 5.05188e-96
90 1.98276e-101
90 1.04918e-97
90 2.21364e-100
90 9.79437e-95
90 1.74284e-99
90 2.98969e-99
90 3.63201e-101
90 6.71977e-100
90 1.33463e-102
90 4.12649e-97
90 1.12466e-101
90 1.40351e-102
90 8.5887e-98
90 4.64877e-97
90 4.1551e-92
90 1.7099e-100
90 1.29736e-103
90 3.1123e-96
90 4.55951e-94
90 3.46223e-96
90 1.7778e-103
90 5.23211e-103
90 7.76799e-102
90 2.89414e-103
90 1.3586e-101
90 6.98614e-94
90 4.92017e-102
90 2.87911e-96
90 2.93523e-98
90 1.11552e-98
90 2.52596e-103
90 3.01881e-104
90 3.42667e-97
90 8.5493e-99
90 1.0439e-100
90 1.02164e-102
90 9.86915e-98
90 4.38798e-100
90 9.74922e-99
90 5.15124e-102
90 1.40326e-105
90 2.4314e-97
90 1.80453e-101
90 1.05346e-99
90 1.12521e-102
90 2.96182e-97
91 1.61544e-100
91 2.61097e-106
91 2.6427e-101
91 6.74193e-104
91 1.05473e-98
91 7.87176e-92
91 2.42605e-100
91 2.56169e-102
91 1.50076e-101
91 4.27387e-102
91 3.80978e-100
91 3.5331e-97
91 8.03296e-104
91 6.18501e-101
91 1.84391e-98
91 1.92435e-103
91 1.36102e-101
91 1.05344e-100
91 5.02918e-102
91 2.3908e-101
91 5.62146e-97
91 5.32564e-98
91 1.92243e-98
91 3.71917e-101
91 3.1029e-99
91 8.80705e-97
91 1.58483e-98
91 3.57307e-98
91 7.02814e-99
91 4.07747e-97
91 1.10549e-98
91 4.54319e-101
91 5.26533e-104
91 5.60671e-102
91 1.78737e-99
91 2.02457e-97
91 3.82539e-104
91 2.68597e-102
91 6.98768e-98
91 9.58736e-97
91 9.86524e-95
91 1.4103e-101
91 7.36906e-103
91 6.30028e-103
91 1.84705e-100
91 1.1873e-100
91 1.6182e-96
91 1.5738e-95
91 1.04497e-96
91 5.6203e-103
92 8.07861e-98
92 1.2987e-102
92 6.25008e-102
92 1.31937e-99
92 1.17061e-100
92 1.23999e-101
92 2.4205e-95
92 2.6858e-95
92 9.81885e-100
92 9.04677e-98
92 2.5922e-102
92 1.10753e-98
92 1.12556e-96
92 2.2118e-100
92 8.12449e-99
92 3.02194e-100
92 6.16246e-104
92 1.84833e-101
92 6.32419e-101
92 1.82657e-106
92 4.83782e-97
92 1.73378e-101
92 8.64072e-97
92 2.15917e-101
92 3.37673e-103
92 4.94806e-99
92 8.9708e-101
92 1.66002e-98
92 6.11862e-99
92 3.02637e-96
92 4.54823e-98
92 3.37609e-100
92 1.84587e-101
92 2.91612e-103
92 1.52011e-94
92 2.05549e-98
92 1.44417e-98
92 5.63658e-92
92 1.36856e-101
92 1.07797e-99
92 8.07044e-99
92 1.17794e-99
92 3.51411e-102
92 2.59176e-96
92 2.90432e-97
92 4.10285e-95
92 2.15986e-98
92 9.38583e-100
92 1.8908e-102
92 8.19386e-100
93 2.11701e-101
93 4.55633e-100
93 3.55885e-104
93 2.43753e-103
93 1.15316e-100
93 5.56539e-101
93 4.44128e-104
93 1.94799e-98
93 7.89514e-101
93 9.14427e-92
93 1.50432e-100
93 6.12954e-97
93 2.79581e-106
93 5.9662e-97
93 9.23634e-105
93 9.8479e-98
93 2.12855e-98
93 4.23318e-96
93 5.20054e-98
93 8.66385e-101
93 3.25536e-99
93 3.54019e-97
93 4.82279e-100
93 1.19477e-101
93 4.2392e-103
93 2.14426e-99
93 1.2557e-100
93 2.37322e-102
93 6.60862e-100
93 4.63214e-95
93 4.9762e-103
93 1.80678e-100
93 7.85021e-100
93 8.09935e-101
93 2.68122e-99
93 2.34607e-105
93 6.85809e-101
93 1.03862e-96
93 1.54124e-95
93 1.35796e-99
93 2.48062e-97
93 2.67852e-100
93 2.61426e-103
93 1.58225e-99
93 4.33979e-101
93 1.00789e-97
93 2.63687e-101
93 1.02162e-103
93 5.49482e-96
93 2.05547e-98
94 7.14098e-98
94 8.07059e-100
94 5.89127e-100
94 4.89635e-98
94 1.24337e-95
94 5.72774e-104
94 1.03837e-98
94 1.56866e-99
94 5.78704e-95
94 2.42975e-99
94 1.2551e-99
94 3.66542e-102
94 1.52435e-102
94 2.26618e-100
94 1.86716e-102
94 1.22421e-102
94 1.12369e-102
94 1.48453e-102
94 4.41056e-96
94 8.2974e-104
94 4.50424e-97
94 1.49476e-104
94 8.11595e-102
94 4.90312e-102
94 1.5363e-98
94 6.25987e-100
94 3.00767e-104
94 1.71267e-104
94 5.24115e-105
94 1.45617e-93
94 5.22273e-101
94 3.03114e-95
94 1.18824e-97
94 1.35377e-94
94 1.71553e-96
94 6.69094e-103
94 7.36326e-103
94 3.10032e-98
94 6.64928e-98
94 1.64895e-98
94 5.8627e-92
94 1.48472e-100
94 2.0032e-105
94 2.04373e-102
94 3.01617e-99
94 3.54187e-103
94 1.00601e-105
94 2.13754e-104
94 6.94658e-97
94 1.87583e-104
95 6.27004e-94
95 1.21005e-100
95 1.45177e-89
95 9.29681e-103
95 1.04019e-93
95 1.62039e-105
95 8.04808e-97
95 2.54259e-101
95 4.58585e-99
95 2.51898e-101
95 4.19047e-98
95 7.55355e-99
95 1.09259e-97
95 5.82734e-103
95 2.8643e-100
95 3.17525e-97
95 7.49068e-103
95 6.97887e-101
95 2.91233e-105
95 2.0699e-100
95 2.92877e-102
95 3.71847e-101
95 7.93131e-97
95 1.24277e-101
95 1.88127e-97
95 2.04946e-99
95 4.7571e-100
95 3.74819e-101
95 1.58879e-99
95 6.26259e-105
95 7.25024e-101
95 4.67483e-103
95 3.99846e-100
95 5.37214e-96
95 2.91497e-100
95 1.8589e-98
95 2.28778e-100
95 5.06143e-100
95 2.13416e-101
95 3.19362e-105
95 3.97962e-99
95 1.10088e-101
95 2.18849e-101
95 7.78377e-97
95 3.17549e-101
95 2.08549e-97
95 6.6363e-98
95 1.76459e-95
95 1.36581e-101
95 1.09612e-97
96 2.66499e-101
96 4.95786e-100
96 5.37243e-105
96 4.66209e-101
96 3.64255e-100
96 2.44762e-100
96 1.94414e-100
96 4.51546e-96
96 7.39965e-100
96 7.25789e-96
96 1.84585e-98
96 2.22235e-102
96 8.5359e-101
96 2.40587e-96
96 1.37793e-100
96 3.16104e-101
96 2.36344e-99
96 3.57528e-98
96 3.58665e-103
96 9.57115e-99
96 8.23683e-99
96 2.59158e-102
96 2.80659e-92
96 3.60184e-99
96 1.14843e-97
96 1.67059e-94
96 6.43509e-102
96 3.25512e-104
96 3.13683e-102
96 1.15617e-99
96 2.81282e-98
96 3.69449e-104
96 1.87624e-103
96 5.59374e-101
96 2.06263e-98
96 4.57587e-97
96 7.40876e-99
96 2.43512e-101
96 1.49291e-102
96 1.34715e-96
96 6.5829e-94
96 3.21772e-105
96 8.29499e-93
96 4.24821e-96
96 3.15571e-102
96 2.27716e-101
96 1.14224e-99
96 9.06987e-102
96 4.76238e-97
96 8.67608e-105
97 6.55765e-100
97 1.80924e-93
97 1.77173e-102
97 8.50141e-102
97 5.85213e-99
97 6.12344e-101
97 1.99823e-98
97 8.93835e-101
97 1.93051e-102
97 1.86357e-103
97 1.79261e-100
97 5.5616e-98
97 2.23313e-98
97 1.72309e-97
97 4.19177e-95
97 1.39471e-98
97 6.46369e-99
97 7.62931e-101
97 9.50594e-102
97 7.9042e-101
97 1.4835e-101
97 2.19999e-102
97 7.55429e-100
97 1.41563e-98
97 5.52351e-101
97 9.14411e-104
97 5.40691e-100
97 4.49204e-102
97 1.74967e-103
97 4.49317e-100
97 1.08534e-101
97 5.3858e-94
97 8.81666e-98
97 6.85112e-100
97 5.14299e-99
97 1.80683e-102
97 4.08743e-104
97 2.77425e-99
97 9.08764e-105
97 2.02038e-102
97 1.54677e-104
97 1.07358e-98
97 3.13083e-99
97 3.07947e-101
97 3.62129e-102
97 3.8462e-93
97 1.93689e-101
97 1.84842e-98
97 1.18165e-103
97 4.65793e-102
98 2.05739e-99
98 6.36405e-100
98 8.93325e-101
98 8.80151e-100
98 1.46482e-99
98 5.9968e-99
98 5.38292e-98
98 3.26054e-100
98 6.12369e-101
98 7.2694e-98
98 8.18992e-99
98 4.06695e-98
98 1.62594e-103
98 2.89921e-104
98 1.01868e-99
98 7.97038e-103
98 1.34217e-95
98 3.80392e-101
98 3.14062e-100
98 3.12271e-99
98 2.82476e-99
98 2.20176e-99
98 1.11985e-99
98 8.23526e-102
98 3.78433e-103
98 1.99749e-94
98 2.40995e-100
98 1.06115e-102
98 3.24847e-97
98 3.22641e-102
98 1.97936e-99
98 6.03726e-99
98 9.08003e-98
98 1.64041e-98
98 5.96371e-98
98 4.97321e-96
98 6.62074e-103
98 8.82056e-98
98 1.10802e-93
98 4.91781e-101
98 4.7298e-101
98 8.77724e-97
98 2.40713e-103
98 4.31008e-99
98 3.0742e-99
98 1.60387e-101
98 1.52701e-91
98 3.60757e-99
98 5.13822e-98
98 1.34338e-99
99 1.78159e-97
99 2.99972e-98
99 4.4775e-103
99 3.50322e-102
99 1.1234e-104
99 4.38097e-96
99 3.34623e-100
99 3.38493e-98
99 2.17672e-99
99 2.26937e-101
99 3.24665e-101
99 2.00659e-97
99 1.77794e-98
99 7.8583e-105
99 5.02296e-103
99 3.23429e-99
99 6.18769e-98
99 8.32619e-98
99 2.3152e-100
99 1.14823e-100
99 8.75036e-97
99 8.58868e-98
99 4.31937e-103
99 6.61207e-100
99 8.81304e-100
99 7.28928e-102
99 6.31645e-106
99 3.55548e-100
99 5.19931e-98
99 3.63244e-99
99 1.29989e-102
99 2.67186e-102
99 5.62718e-96
99 3.28276e-97
99 1.70327e-101
99 3.95392e-104
99 2.47369e-102
99 7.59322e-98
99 9.05915e-102
99 3.194e-99
99 1.37009e-101
99 5.95649e-102
99 6.778e-98
99 5.28989e-99
99 5.98952e-96
99 2.16011e-101
99 8.92653e-103
99 3.38566e-100
99 2.08617e-96
99 2.04512e-94
100 1.43502e-102
100 3.44826e-101
100 2.88874e-105
100 8.28354e-101
100 1.02101e-105
100 3.99307e-98
100 1.02779e-96
100 2.11835e-95
100 1.13908e-100
100 3.48732e-101
100 2.6754e-96
100 1.45687e-101
100 4.2259e-99
100 1.04683e-102
100 3.24109e-101
100 2.48784e-96
100 1.10833e-102
100 8.57909e-102
100 1.87181e-104
100 8.79802e-101
100 4.59002e-100
100 4.43014e-102
100 8.66779e-104
100 1.1738e-98
100 3.09097e-94
100 1.98096e-100
100 1.64025e-102
100 1.97937e-100
100 2.0777e-99
100 4.45483e-98
100 1.13234e-101
100 1.23945e-103
100 1.11933e-101
100 1.47425e-96
100 4.99215e-104
100 3.61231e-95
100 2.81614e-95
100 3.39674e-103
100 1.18339e-96
100 1.08189e-101
100 3.2435e-103
100 3.35944e-97
100 2.26742e-103
100 8.60318e-98
100 9.95325e-97
100 8.02787e-101
100 5.89661e-100
100 1.45294e-98
100 1.05171e-103
100 3.45684e-91
